-0.14424 0.348941 0.0966717 0.0680834
0.149868 0.340542 -0.55186 0.0678335
0.153391 0.348617 0.244841 0.0675837
-0.142334 0.367583 0.895854 0.0673338
-0.0612647 0.2756 0.538153 0.067084
-0.201257 0.433037 -0.0392815 0.0668341
0.00916118 0.396455 0.3425 0.0665843
0.0429945 0.339118 -0.429033 0.0663345
0.175957 0.396202 -0.898573 0.0660846
-0.0606501 0.31237 -0.0232513 0.0658348
0.126258 0.27872 -0.0931491 0.0655849
0.0009486 0.276231 -0.83864 0.0653351
0.054065 0.302749 -0.294244 0.0650852
-0.189 0.434098 0.339873 0.0648354
-0.127879 0.411103 -0.360821 0.0645855
-0.00160092 0.357217 0.754047 0.0643357
-0.164251 0.358612 0.662896 0.0640858
-0.0582015 0.336711 -0.7308 0.063836
-0.0828382 0.35831 -0.218061 0.0635861
0.21209 0.422784 0.0531068 0.0633363
0.149737 0.415132 -0.319567 0.0630864
0.120448 0.294457 0.0911918 0.0628366
-0.22169 0.331536 -0.165388 0.0625867
0.00974321 0.430041 -0.268696 0.0623369
-0.143232 0.280151 -0.33914 0.062087
-0.163127 0.291791 -0.557331 0.0618372
0.218406 0.37042 0.920313 0.0615874
-0.229875 0.374806 -0.693953 0.0613375
-0.17766 0.41844 0.486818 0.0610877
-0.0565973 0.41786 0.535151 0.0608378
0.0301825 0.303506 -0.608176 0.060588
0.128758 0.309697 0.425493 0.0603381
-0.199891 0.286477 0.271748 0.0600883
0.0373365 0.385881 0.0679281 0.0598384
-0.0365968 0.341774 0.21862 0.0595886
-0.0302396 0.408068 -0.881078 0.0593387
0.144752 0.324719 0.678954 0.0590889
-0.232376 0.301145 0.760802 0.058839
-0.0722126 0.424804 -0.503177 0.0585892
0.192095 0.386363 -0.0647157 0.0583393
0.184498 0.425314 0.546535 0.0580895
-0.181951 0.424065 -0.83747 0.0578396
0.110514 0.4102 -0.176993 0.0575898
0.0837957 0.258671 0.575478 0.0573399
-0.168935 0.283402 -0.739623 0.0570901
0.229637 0.407777 -0.754626 0.0568403
0.233285 0.281504 -0.625799 0.0565904
0.100508 0.295539 -0.769651 0.0563406
-0.198737 0.436877 0.192493 0.0560907
0.00879757 0.284686 0.393953 0.0558409
0.0268274 0.390804 0.88828 0.055591
-0.214573 0.427739 0.79376 0.0553412
0.0459517 0.443162 0.596845 0.0550913
-0.129491 0.320286 -0.893907 0.0548415
-0.180364 0.262572 0.497604 0.0545916
-0.0367291 0.432502 -0.107016 0.0543418
-0.199375 0.291618 -0.0234292 0.0540919
0.216852 0.365905 0.379262 0.0538421
0.146816 0.258537 0.778256 0.0535922
0.0410891 0.268583 0.263605 0.0533424
-0.228281 0.405484 -0.441891 0.0530925
0.174167 0.324317 -0.223983 0.0528427
0.225245 0.439049 0.815409 0.0525929
0.236545 0.272438 -0.0474474 0.052343
0.052408 0.406525 0.474521 0.0520932
0.241377 0.380635 -0.433837 0.0518433
-0.110399 0.438695 -0.676739 0.0515935
-0.0697943 0.252978 0.688243 0.0513436
-0.114787 0.260437 0.812886 0.0510938
0.00083063 0.441675 -0.697009 0.0508439
-0.103222 0.342501 0.341482 0.0505941
0.246141 0.290643 0.575402 0.0503442
0.246242 0.280572 0.856578 0.0500944
0.11499 0.441931 0.857018 0.0498445
-0.239209 0.275978 -0.876599 0.0495947
0.0800549 0.441604 0.221502 0.0493448
0.207889 0.279059 -0.858767 0.049095
0.0234808 0.442149 -0.549496 0.0488451
-0.250756 0.29822 -0.444466 0.0485953
-0.228342 0.419809 -0.936449 0.0483454
-0.0894202 0.444294 0.0427904 0.0480956
-0.15612 0.271151 -0.449697 0.0478458
0.170603 0.441465 0.43889 0.0475959
0.116866 0.340994 0.832849 0.0473461
0.0712433 0.348953 -0.933721 0.0470962
-0.0687809 0.44772 0.20763 0.0468464
-0.192556 0.332358 0.389713 0.0465965
0.166457 0.278682 -0.395205 0.0463467
0.110421 0.436968 -0.772763 0.0460968
0.237494 0.445905 0.196527 0.045847
