iteration s11 s22 s33 e11 e22 e33 unb_force porosity kineticE
0 0 0 0 0 0 0 -nan 0.94917191216391861 0
100 0 0 0 0 0 0 -nan 0.94096825457376343 0.074432269830324915
200 0 3.4132031316705671 0 0 0 0 0.002 0.93144076651884145 0.23233058813024729
300 0 0 4.6046062693000431 0 0 0 0.011024015782975063 0.92037622308882661 0.45885892622819568
400 0 0 0 0 0 0 0.0040000000000000001 0.90752653580327236 0.73354530754625191
500 0 20.907017170341948 20.73908283441321 0 0 0 0.011912653891716207 0.89260518503011876 1.519550071098585
600 0 0 26.621885583430878 0 0 0 0.0061379451172411037 0.87527787715059413 2.3667160090603523
700 0 48.45368504860599 0.36050750955801275 0 0 0 0.011698091082363957 0.85515950526476658 3.5351924188944461
800 0 0 16.657258899669984 0 0 0 0.015926440210572618 0.8317942105849413 5.1715629287057894
900 0 0 0 0 0 0 0.02 0.80466663445109166 7.5675571949898393
1000 81.375394123723652 134.09754452018075 0 0 0 0 0.034369928482603257 0.77320005271157932 11.72297524328239
1100 0 0 0 0 0 0 0.056054402054163184 0.7366719642513293 17.777056439059248
1200 131.33408459787529 0 96.67696821659824 0 0 0 0.07858111879160673 0.69442484248860392 25.845959545768107
1300 463.93987138193188 331.47390053695665 356.1973626263574 0 0 0 0.099949759019902121 0.64581875243560727 39.539182785571498
1400 682.5522761342952 534.13276629880227 294.02429230082777 0 0 0 0.15269669163244087 0.59009627585681201 53.821301539741704
1500 568.71254539654126 291.57135363916797 472.93028896351655 0 0 0 0.43846580677420016 0.52755296957376274 69.692248689461792
1600 3427.717021358937 2087.2363143746993 2853.9990786458848 0 0 0 0.96041212974566648 0.46397134179922339 96.978827709328087
1700 7841.4658929517191 7510.3614515899053 7164.9813328196706 0 0 0 0.8104070957973295 0.43176070344649536 60.286145943497999
1800 9317.0642277335119 10122.172460144267 9228.6112339504416 0 0 0 0.39119992435661932 0.42387563044581761 16.204135181552438
1900 9495.0605225847758 10064.328700393367 9882.9091698986085 0 0 0 0.13519595609965931 0.42216308748157377 4.157438516105433
2000 9420.3169209671814 10250.53550134646 9994.6599413529584 0 0 0 0.05890295263557245 0.4215059988967263 3.5656863402096297
2100 9335.378352874508 10290.477746127688 9845.7531931533667 0 0 0 0.10066066496605468 0.42050142607566293 4.0131315934143776
2200 9691.7299844407517 10500.262682035986 9378.4150020149591 0 0 0 0.069219781620488946 0.41957573301214751 4.2228854144794292
2300 9942.7921316178545 10290.256173871769 9430.7266169611084 0 0 0 0.070035619724851811 0.41883771319545821 2.1612577253895244
2400 9921.0349039112116 10216.150157605183 9392.807365554565 0 0 0 0.040783204410363011 0.41839063690442696 1.9284861627968606
2500 9975.263965580134 10074.163002622161 9314.9746919991412 0 0 0 0.038468455835157588 0.41776018588507285 1.9196695789078961
2600 10046.982132529323 9943.2421447871966 9445.6285487407167 0 0 0 0.049780782048136241 0.41712737685554474 2.1831307652864407
2700 10107.58474977102 9815.3706467207903 9291.9702539125901 0 0 0 0.053681362019764298 0.41646102309088712 2.4119731947249199
2800 10024.91779291797 9839.4398861953814 9922.0628978271288 0 0 0 0.043431934373915217 0.41595334087549912 1.5985315322202081
2900 9645.2544452895127 9837.7496850615207 10009.156114259802 0 0 0 0.058827209542748546 0.41531347409000191 1.6855411283400952
3000 9694.7389019486072 9655.1427052909294 9705.3525349530319 0 0 0 0.071355245101968209 0.41453798197337527 2.9833945168888572
3100 9893.0121668171269 9827.8343461089225 10057.358068104388 0 0 0 0.032745537090083474 0.41410754078410011 0.50310357198751487
3200 9898.9720381326315 9881.0299951460329 10148.031063739787 0 0 0 0.014221665015843434 0.41393163847081976 0.074341776167971704
3300 9917.363913519046 9911.5173863649143 10168.13129732378 0 0 0 0.0042768631664705957 0.41391414260174725 0.040689992334410556
3400 9918.3418150413072 9912.8624438612333 10165.412032560909 0 0 0 0.0021388121488600106 0.41391236960169447 0.03263507295651237
3500 9922.3600917802833 9915.8222076158363 10162.749994154774 0 0 0 0.0030440430059477139 0.41391207076173181 0.026839303258174643
3600 9919.0206145442935 9917.5495263872072 10164.695922920006 0 0 0 0.001164155219405149 0.41391214847687235 0.024269578303725538
3700 9919.7966003046276 9915.9866983038555 10160.394837928681 0 0 0 0.0016407507168708754 0.41391188026876818 0.021679164594492661
3800 9920.3481170455616 9916.9158559808693 10163.543122078438 0 0 0 0.00079135712953558215 0.41391188692630648 0.020709826396813895
3900 9918.2101621214515 9918.5143781066054 10162.577940159072 0 0 0 0.0010423997062975233 0.41391176740260877 0.019986275208087181
4000 9920.4693793039914 9917.3658307503792 10164.21730323287 0 0 0 0.0015133212661968556 0.41391211734221239 0.018375941468485677
4100 9919.6236493900706 9917.3403719995531 10161.90514644012 0 0 0 0.00065855919721247353 0.41391200512715193 0.018157178188024706
4200 9919.4836805219711 9917.3966817191467 10162.539104318121 0 0 0 0.0006936828073842668 0.41391199890695179 0.017881133669904258
4300 9919.8725489013977 9917.3651209871678 10162.237899044108 0 0 0 0.00040344701316474108 0.41391198528516321 0.017710690632415642
4400 9919.6127957794797 9916.9058509342049 10162.511195837444 0 0 0 0.00035572642543941265 0.41391196871029373 0.01761837552867411
4500 9919.2205878843524 9917.7725365174792 10162.438159262749 0 0 0 0.00098250573120800132 0.41391155509023697 0.016920771544672662
4600 9919.4805149643798 9916.9504567853128 10162.81208106624 0 0 0 0.00063706038424161894 0.41391179076135648 0.016697863982849233
4700 9920.1645230420963 9916.9582079297888 10162.34031141024 0 0 0 0.00021421842809207523 0.41391188706599641 0.016685031532227276
4800 9919.79059345307 9917.5294694044587 10162.569991324042 0 0 0 0.00014740850281795919 0.41391193481299499 0.016635874881842445
4900 9919.7135633821308 9917.3075727260839 10162.39946540973 0 0 0 4.6721879895969713e-05 0.41391204246817842 0.016584513359112971
0 0 0 0 0 0 0 -nan 0.94917191216391861 0
100 0 0 0 0 0 0 -nan 0.94096825457376343 0.087450023295427226
200 553.41295894626467 130.14206791646674 0 0 0 0 0.0062016414126350458 0.93145254590229165 4.4482646377844306
300 0 0 0 0 0 0 0.0040000000000000001 0.92039480542928898 5.4011250775424644
400 0 0 37.630647714013755 0 0 0 0.004639131899412131 0.90755296943542574 5.5152422084903057
500 0 0 0 0 0 0 0.0067662671692277146 0.89263804602130692 6.1532116250023359
600 0 0 0 0 0 0 0.019430224439548997 0.87532559517202368 7.9152029115197147
700 0 0 31.989258916785033 0 0 0 0.026068899577163681 0.85522325625527973 9.5387756826264223
800 0 0 0 0 0 0 0.023687000865727129 0.83188824789749471 11.527967029344479
900 48.148807946490528 0 0 0 0 0 0.049950086195976288 0.80481964296356068 15.008121123764731
1000 0 0 52.895740400987854 0 0 0 0.046999091228063561 0.77342667825295808 20.549529106437753
1100 0 0 0 0 0 0 0.080803627268404038 0.73704669991715255 26.905818751600798
1200 179.2793481405773 80.525635770983641 224.80463613570066 0 0 0 0.11198102807821994 0.69504848119513785 36.199274425133943
1300 188.19662613572666 285.4653204403067 428.19551386872462 0 0 0 0.14521061424697213 0.64665122774597461 45.528312943832589
1400 342.98701221735513 227.49294187061412 243.19896013252674 0 0 0 0.22981076412839777 0.590995442055404 57.383004964663385
1500 827.78889887100604 392.45275300897282 751.43211521322417 0 0 0 0.41426094541396047 0.52958367946107554 85.364631164749042
1600 5164.8109475191486 2468.5431994476826 2852.54663742722 0 0 0 0.88577600434932646 0.46830278191601105 93.275792556702186
1700 9944.9344908165549 8296.9772188122042 8136.7734555391862 0 0 0 0.77525053820246592 0.4369532501555759 63.953653143328509
1800 9288.892294805637 9137.0684860390793 8212.5791673647545 0 0 0 0.41484294859052845 0.42753509449769073 26.027934178159978
1900 10039.48960110971 9921.2738907169496 9801.2652021082249 0 0 0 0.22449725404704526 0.42418394671728427 12.573252277791404
2000 9806.8335646248888 9675.0438398171045 9296.5072635299948 0 0 0 0.13160027903991264 0.42276191749097719 5.8617411863449762
2100 9633.4852187412034 9418.979790346606 8755.5980332492127 0 0 0 0.13745546421628871 0.420983336757 8.9110695604368839
2200 9728.6180457954888 9678.970444591816 9078.9523143058268 0 0 0 0.13494583628347531 0.41902947034596466 6.9996946969503959
2300 9804.2158171131396 9582.9913050596406 10189.933528509117 0 0 0 0.094601430414150825 0.41757527917777632 4.1902756820838523
2400 9659.8372034260265 10010.325911335189 9289.0123270596905 0 0 0 0.079197197119252633 0.4166731855752222 2.7924392438898615
2500 9842.6281564097026 10272.71727531129 9597.7158816765714 0 0 0 0.026919703276333258 0.41625579432726439 0.49834967831502808
2600 9942.3353387380994 10247.437432992308 9592.6475471490121 0 0 0 0.026668951097694502 0.41607102435682636 0.87293845661087954
2700 10070.829977835869 10185.697267973759 9449.913815148404 0 0 0 0.03257051827101104 0.41560526901147404 1.0341461984446314
2800 10096.78105542421 9904.1736971672362 9580.7782679686625 0 0 0 0.052313403405737598 0.4150655714683244 1.7036601318460192
2900 10053.363878534721 9990.0631244482756 9441.0507399935486 0 0 0 0.058405002965113251 0.41442090997797137 1.15164860379915
3000 10176.394458597564 9953.523123982508 9775.6533247103125 0 0 0 0.018775741372458122 0.41418765009673336 0.27501029066323635
3100 10193.812561508641 9985.5357954993251 9829.4481667359378 0 0 0 0.0086753402009790443 0.41415300008231654 0.097647866514706347
3200 10180.561001438882 9990.6362965854642 9832.8804208707497 0 0 0 0.005785190697660909 0.414150127873194 0.076625897597627571
3300 10194.519123329394 9984.8540117994635 9833.7443103619844 0 0 0 0.0035919633528420898 0.41415027445859492 0.072055731516438237
3400 10179.586604379487 9986.6127823102615 9826.7239078906186 0 0 0 0.0036630961920493164 0.41415098107096887 0.061709628653888675
3500 10182.047911119425 9983.7014206684071 9835.0833632420054 0 0 0 0.0019755132338533793 0.4141510865423404 0.058818415907194457
3600 10181.569944417097 9984.6816021807863 9831.1937922504731 0 0 0 0.0016597632007937203 0.41415015901660807 0.058230557994648657
3700 10182.542705098411 9987.7462577787519 9832.6074085598884 0 0 0 0.0014589584148217562 0.41414938511612437 0.055215991279170873
3800 10183.424955952374 9986.2081113998138 9832.3295352938949 0 0 0 0.0023261978207732058 0.41414984248150771 0.051561468005054567
3900 10185.533122871771 9982.6468426121446 9834.9064411571781 0 0 0 0.002191146543973259 0.41414984529366944 0.050327154851934668
4000 10181.367694074381 9985.3728338929159 9830.9284150820877 0 0 0 0.001014494305320215 0.41415028935097803 0.049139372191202818
4100 10181.120609629525 9984.7032990268763 9832.4728650054512 0 0 0 0.00089757243135947691 0.41415038758791006 0.048449588124671358
4200 10182.992596142951 9985.5236450996581 9834.0350871477203 0 0 0 0.0010944355458420776 0.41415001433152493 0.048045047418395194
4300 10180.563225635742 9987.1684307762498 9832.1247964082013 0 0 0 0.00074582625852319525 0.41414947906817651 0.04769054007276749
4400 10181.207718704516 9986.1193738564034 9832.2526569975562 0 0 0 0.0013002398270801309 0.41414910979253311 0.046972531826627584
4500 10181.334449957743 9986.8227548858831 9832.4140136447058 0 0 0 0.00049903611777605379 0.41414962996485499 0.046989445769254637
4600 10180.411540067624 9986.0983417332664 9839.0439860230508 0 0 0 0.0014822335385447835 0.41415028332506582 0.045435611496139762
4700 10181.755971602766 9985.5561352948553 9834.0124743321267 0 0 0 0.00077060008952070213 0.41415001881376484 0.045244744101814303
4800 10180.9834695966 9985.6979161934159 9832.425014677412 0 0 0 0.00021325041187872105 0.41414978262842911 0.045375693646247411
4900 10180.885427389445 9986.1437961750398 9832.5054197920781 0 0 0 0.00011763421021667238 0.4141494079882107 0.045198428925899078
