iteration s11 s22 s33 e11 e22 e33 unb_force porosity kineticE
0 0 0 0 0 0 0 -nan 0.94932348687854207 0
100 0 0 0 0 0 0 -nan 0.94287606593728412 0.031815375039215277
200 0 0 0 0 0 0 -nan 0.93560835894567895 0.12359699479789371
300 0.88622724732666291 0 0 0 0 0 0.0076835548067771976 0.92741604330757454 0.28652066834396245
400 0 0 0 0 0 0 -nan 0.91818141498078953 0.41167160987950702
500 0 0 0 0 0 0 0.0080000000000000002 0.90777188153138622 0.62031143936270272
600 0 0 0 0 0 0 0.015227826915273518 0.89603919813396671 0.86413602726311933
700 0 0 0 0 0 0 -nan 0.88281257677162983 1.1233580563171384
800 0 0 54.843179388590144 0 0 0 0.01873017320645274 0.86790648899486644 1.4713447271349487
900 0 0 0 0 0 0 0.0056842223911278402 0.85110477230464954 2.0258688778564911
1000 0 15.561182703313035 0 0 0 0 0.010599506657582901 0.83216937194382379 2.5648633146344926
1100 0 0 0 0 0 0 0.020000000000000004 0.81082501802772988 3.3540325897545076
1200 0 14.783245888668182 0 0 0 0 0.015634656995434811 0.78677400913156947 4.5510236066034873
1300 0 0 0 0 0 0 0.013182457966402215 0.75966844309171411 5.7223902742026027
1400 52.856961695025227 0 0 0 0 0 0.051840184601851615 0.72912108233669382 6.8717433913432249
1500 81.404687047881495 0 0 0 0 0 0.036312284634313782 0.69472975836720885 8.4887560342604722
1600 47.929889999717552 0 0 0 0 0 0.048909313451685185 0.65600314828209982 10.219851707352898
1700 7.9984330680137896 60.22445987362984 107.1894896607852 0 0 0 0.091154890491729201 0.61250415037727635 12.27261088917937
1800 32.809632290742009 165.65159811219769 258.59582927092237 0 0 0 0.2199832681601262 0.56371746937294087 13.894948992001014
1900 1032.637397037674 1521.1990022603807 1190.8257521041041 0 0 0 0.52343524265420427 0.51097689032422922 19.899654571625831
2000 6501.1467221113962 8148.6028694228662 8219.0845799928393 0 0 0 0.26273666622458675 0.48409147532522456 23.474715021761359
2100 7822.3965844313525 8970.4557218109912 9627.2965832594818 0 0 0 0.17868584061553364 0.47563402324681792 22.782241955143174
2200 8535.9220950988019 9706.1708133374595 9682.5967029395579 0 0 0 0.14880366342486043 0.47051339772067424 12.788692144988921
2300 8604.4993850119408 10195.787005637125 9797.5941861434676 0 0 0 0.10820911596520211 0.46738713464085768 7.570970311522319
2400 9143.6263942295718 10231.548490907255 9835.516811100706 0 0 0 0.070618191289260807 0.46542043470495842 5.0746736744675998
2500 9121.5552976076451 10569.244108762485 9665.6930622708569 0 0 0 0.066009314148855067 0.46380461100352577 2.9034318824389498
2600 9328.9821775530872 10408.944101769399 9560.7144095941312 0 0 0 0.048416155425860072 0.46276578921345124 3.2066749501036305
2700 9544.6760037935564 10366.2798966762 9780.0208683730016 0 0 0 0.051362741550867605 0.46179605250848432 1.8688524588084994
2800 9305.9684548322548 10640.686447853395 9723.3198289821084 0 0 0 0.032153987997610295 0.46103354245981809 1.3574650044500889
2900 9492.6445834697224 10644.445296027883 9759.6357111547441 0 0 0 0.01809411387055132 0.46087982696932217 0.41302133914870776
3000 9464.6880780923002 10595.156544010237 9796.9148297678057 0 0 0 0.011784727737011023 0.46084537609084786 0.36635496020860092
3100 9456.5888169267873 10456.976257916866 9778.3005058735635 0 0 0 0.011172182132495856 0.46077599610391518 0.42515153263979716
3200 9384.2326968384641 10419.513196935133 9773.1086767444231 0 0 0 0.010688009318105105 0.46068804898962767 0.32122443807780843
3300 9445.6504440423905 10436.53830790205 9810.0414398324865 0 0 0 0.0059294131155792499 0.46061327565463239 0.34256404152302439
3400 9403.7113259220496 10448.357500115699 9871.1398278793677 0 0 0 0.0037064375068729129 0.46055239436123541 0.48869176836399519
3500 9347.6648301806545 10428.214017089347 9922.8244509973629 0 0 0 0.0066304714021504308 0.46049399562221016 0.6202585580574409
3600 9391.2439440996477 10425.754972470657 9954.2436756788284 0 0 0 0.0060231364054827291 0.4604395255002347 0.40523548572830564
3700 9428.1751905550082 10462.062421860093 9954.4687125385026 0 0 0 0.0041268709402816706 0.46039833331441404 0.17352829959569993
3800 9446.0910716540511 10469.333081480539 9974.3771432920894 0 0 0 0.0024080466129912316 0.46036774014000081 0.087599914158356426
3900 9460.7672756220945 10449.800071109496 9990.0449010538523 0 0 0 0.002002512769101899 0.46034300378194126 0.056118402939869215
4000 9477.6415396574885 10464.946986277482 9993.6303949997091 0 0 0 0.0011855521846667225 0.46032509849890324 0.059256488744260594
4100 9486.3475254276273 10474.494816796163 9992.353690584845 0 0 0 0.0022997836362198256 0.46031208712454685 0.046923796705808991
4200 9486.2248311046515 10474.224306064714 10003.804506352357 0 0 0 0.0013756588445726753 0.46030303714361531 0.04354623314223683
4300 9489.0330512115088 10476.361798349579 10004.959875824365 0 0 0 0.0012885357546016671 0.46029578249282743 0.041768561001711751
4400 9485.9584044163639 10475.084281747717 10010.946686010664 0 0 0 0.00097578309316283815 0.46028931651221694 0.043496240902509517
4500 9484.909274436659 10473.090773526816 10023.530733563855 0 0 0 0.0015825411369297933 0.46028493577413176 0.033041839686446514
4600 9495.9429449475138 10475.98050708936 10012.688041550406 0 0 0 0.0010484252526718901 0.46028131730604449 0.027735024396417663
4700 9494.311069493986 10475.900422304823 10021.857211665823 0 0 0 0.00046889581923359794 0.46027883675664361 0.02516515359457237
4800 9493.6600364703791 10478.109903493951 10022.007600369896 0 0 0 0.00029219895132826342 0.46027741841120018 0.024962915708513236
4900 9494.9866126435936 10478.451431444299 10021.041076160211 0 0 0 0.00047023254559431518 0.46027636475728739 0.024204758082252587
5000 9494.8160847930631 10480.654909460447 10020.840451364085 0 0 0 0.00057628564917751822 0.46027538131438284 0.022915614793540273
5100 9496.189829975654 10480.090267745274 10025.106765237284 0 0 0 0.00043717386778809465 0.46027467783872122 0.022013125543963057
5200 9495.5317147942169 10480.387636376807 10022.786154258876 0 0 0 0.00030266252692026115 0.46027424711014298 0.02167981169161913
5300 9495.6352131777403 10480.058842543292 10023.274289494599 0 0 0 0.00037725090500074837 0.46027414817529055 0.021328270065277214
5400 9495.4947393494585 10480.379958908865 10023.786103953007 0 0 0 0.00029370807504388902 0.46027425431105984 0.020121638773082443
5500 9496.0211941550278 10480.261332665124 10023.999820006133 0 0 0 0.00013519070747104991 0.46027438617289607 0.020090133295567438
5600 9495.6702615704344 10480.429860183584 10023.146340511177 0 0 0 0.00010820001599941226 0.46027442090246107 0.019939239331459819
5700 9496.0243315554217 10480.602381690065 10022.792770356125 0 0 0 0.00025678108804535495 0.46027419837839312 0.019505909127462747
5800 9496.362971188255 10480.760708770755 10022.21186868607 0 0 0 0.00032761787904730022 0.46027398602621683 0.019022753447086954
5900 9495.7380997012679 10480.607994036627 10023.251027230643 0 0 0 0.00032480680154306198 0.46027385926347586 0.018691645781884397
6000 9496.207799085103 10480.633847411165 10023.636143762134 0 0 0 7.0400818222905761e-05 0.46027394841805691 0.018542852416004781
6100 9496.297242173925 10480.101431942647 10023.525514212679 0 0 0 0.00015904243983599843 0.46027404773417768 0.017860623205717418
6200 9496.3087717050585 10480.322830795501 10023.879898592384 0 0 0 0.00019575364936115215 0.46027416244375263 0.015841266855156584
6300 9495.8371658431297 10480.216203319862 10022.74064603025 0 0 0 0.00023246211117291236 0.4602741812572938 0.014409307823999296
6400 9496.0515287822163 10480.460376050951 10022.901990610728 0 0 0 0.00014698878201228953 0.46027411463473922 0.014229152692010121
6500 9495.9938583507465 10480.607583690764 10022.876703115593 0 0 0 4.4067916243346937e-05 0.46027405272105648 0.013861792230129755
6600 9496.1871812752943 10480.696857068669 10022.997448195247 0 0 0 6.662733183028532e-05 0.46027401781183186 0.01372444339981223
6700 9495.9225758689681 10480.647526301633 10023.293450665959 0 0 0 0.00018110771808386511 0.46027398849167278 0.013594586440217882
6800 9496.1524613209967 10480.474862473407 10023.524006400852 0 0 0 6.6490310442593855e-05 0.46027404873242372 0.013570205038709779
6900 9495.9671056105017 10480.613142258382 10023.31943956776 0 0 0 0.00013874881400231128 0.46027409188743107 0.01309067240427707
7000 9496.6070378631484 10480.539351557638 10023.069834581942 0 0 0 0.00019113757204770543 0.46027407542558518 0.011889995395746325
7100 9496.0208773238264 10480.660694159023 10023.224684437802 0 0 0 0.0001198165362073228 0.46027407044987712 0.011805529566476966
7200 9496.3249588008639 10480.501736316888 10023.02292354292 0 0 0 0.00013077397105142009 0.46027404851271558 0.01170739610193507
7300 9496.2102513098671 10480.511205288938 10023.142239882549 0 0 0 4.4099200423403133e-05 0.46027402868140721 0.01168988285383157
7400 9495.9294670474956 10480.607326823676 10023.02667444771 0 0 0 8.6904229256809263e-05 0.46027399195624097 0.011602715095743437
7500 9495.7385392927354 10480.359491613268 10023.459278109962 0 0 0 0.00020820756867230713 0.46027397681724158 0.01142767380621325
7600 9496.0910236933614 10480.717541658651 10023.025794994153 0 0 0 7.6315829092921274e-05 0.46027396670920484 0.011262344895886841
7700 9496.1797655432565 10480.602087257335 10023.204678937704 0 0 0 8.2945302489446915e-05 0.46027396639600271 0.010800678654172271
7800 9496.2039221114701 10480.407768348774 10023.130904736323 0 0 0 0.00011420089221364944 0.46027395949669558 0.010658412864840417
7900 9496.0686915641745 10480.584861863528 10023.165370101276 0 0 0 0.0001154581406578621 0.46027395944761262 0.010550158025827388
8000 9496.0394173309214 10480.535540400011 10023.052137968802 0 0 0 4.0505628872923889e-05 0.46027404614416145 0.010481497993300887
8100 9496.1274508655933 10480.565935693699 10023.182838539913 0 0 0 5.2548718377145939e-06 0.46027401085526587 0.010470447333826098
8200 9495.8753037258721 10480.588678011214 10023.587135086267 0 0 0 0.00028933507501595704 0.46027400024437826 0.0099354297881684636
8300 9496.1487215668003 10480.625936906417 10023.684599010825 0 0 0 4.2400983692314861e-05 0.46027398993558422 0.0099189825408707039
8400 9496.1700702249091 10480.61998712374 10023.217739054438 0 0 0 7.79231955224849e-05 0.46027397857431429 0.0098864132750335568
8500 9496.1904281569314 10480.604046761393 10023.227435000736 0 0 0 4.2275170780696548e-05 0.46027396728267078 0.0098646199881489965
8600 9496.2849704108958 10480.577092163956 10023.267031165849 0 0 0 0.0001041585738726891 0.46027395665101145 0.009742009796870725
8700 9496.2042643481418 10480.60883015776 10023.164369250693 0 0 0 3.9783485886791781e-05 0.46027396044721691 0.0096977622885638624
8800 9496.1723659040799 10480.599775675995 10023.220904176844 0 0 0 4.1321146166275924e-06 0.460273960258891 0.0096976069092327751
8900 9495.988951591311 10480.834898585868 10023.364654925856 0 0 0 0.00011990623222715802 0.46027396884773208 0.0096236103317915555
9000 9496.1630069998264 10480.645324370191 10023.208413450055 0 0 0 1.9705417606571236e-05 0.46027396706832135 0.0096096618985509353
9100 9496.1893933027804 10480.617238375247 10023.157606877028 0 0 0 2.7979827447685617e-05 0.46027396316515112 0.0095449380543347184
9200 9496.1723520647392 10480.518281987581 10023.118390247766 0 0 0 5.4850818007173199e-05 0.46027396614192018 0.0095096089387629815
9300 9496.096284994017 10480.644804618994 10023.148268148778 0 0 0 6.1447025239664833e-05 0.46027396037325197 0.0094907302016098427
9400 9496.1664415025534 10480.386072123409 10024.891098172111 0 0 0 0.00011253647458253705 0.46027397705776807 0.0094186148163667542
9500 9496.0191759069112 10480.794358168783 10023.204818082766 0 0 0 0.00012079023946471402 0.4602739652803125 0.0092724663216121155
9600 9496.1545856270895 10480.59510219207 10023.230477305951 0 0 0 1.1834474946261082e-05 0.46027396066628745 0.0092685404928685069
9700 9496.162852754198 10480.60452542352 10023.224421074985 0 0 0 1.439402847852692e-06 0.46027395941721549 0.0092517486995631198
9800 9496.1649070251096 10480.604760843342 10023.244738509618 0 0 0 2.0447705166520102e-05 0.46027395801929905 0.0092457584544268553
9900 9496.221311909525 10480.610997491634 10023.284845933453 0 0 0 5.2648107160058897e-05 0.46027397465149256 0.0092020173180976141
10000 9495.7995417082802 10480.749758472504 10023.256638645576 0 0 0 0.00010998775644520197 0.46027396519012342 0.0091565665580164261
10100 9495.9216851450055 10480.579223310782 10023.237552976732 0 0 0 3.6074449179206973e-05 0.46027395727046161 0.00915027027723413
10200 9496.1692447337937 10480.570749760371 10023.207448104824 0 0 0 2.933704315302456e-05 0.46027395791085557 0.0091474239163860018
10300 9496.1698786286997 10480.023620337864 10023.22135945706 0 0 0 9.8977383024852189e-05 0.46027394711648184 0.0091027889692464857
10400 9496.2664268327644 10480.55510230152 10023.257462124013 0 0 0 7.8929337820894552e-05 0.4602739470151298 0.0090600071647013204
10500 9496.2413725855604 10480.55512999959 10023.197634594353 0 0 0 6.3527410029641347e-05 0.4602739531940081 0.0089909417739763853
10600 9496.1721624147849 10480.583356315961 10023.204431874938 0 0 0 8.4554099218833464e-06 0.46027396931185272 0.0089849941937436822
10700 9496.1368128735667 10480.567903502289 10023.231384405472 0 0 0 5.3724934469477339e-05 0.46027396530957854 0.0089728692805188925
10800 9496.2728827580177 10480.7173974016 10023.125099688417 0 0 0 6.8320061381457381e-05 0.46027396539400223 0.008898863934802978
10900 9496.0477993122877 10480.548533234307 10023.196060933846 0 0 0 4.9103534920403905e-05 0.46027397650103508 0.0088730187214607313
11000 9496.1374004946501 10480.581415987375 10023.214781797216 0 0 0 2.0188296884565912e-05 0.46027397456956909 0.0088546955999835725
11100 9496.3006854690793 10480.709892130242 10023.229098824568 0 0 0 6.6628660837071167e-05 0.46027395718205077 0.00883670093283263
11200 9496.1531890901479 10480.567523964472 10023.213501949029 0 0 0 1.0686473714860804e-05 0.46027397303724316 0.0088310919358946284
11300 9496.1624148627034 10480.592435053341 10023.21553471161 0 0 0 1.1685279693514393e-06 0.46027396679023735 0.0088306186863804075
11400 9496.1501111008765 10480.338531611891 10023.20468681107 0 0 0 0.00016205744965183794 0.46027396241634722 0.0087298374853654395
11500 9495.9819866906 10480.53534904821 10023.182927144842 0 0 0 4.5800094128046912e-05 0.46027396166974044 0.0086928497831702343
11600 9496.1471019262171 10480.573899113901 10023.254309826083 0 0 0 4.1228473471528923e-05 0.4602739601986835 0.0086407861103633774
11700 9496.1658244091705 10480.53151395267 10023.263445864119 0 0 0 2.5569148460054297e-05 0.46027395982871566 0.0086337273309268509
11800 9496.1643359002737 10480.614838862417 10023.218547061566 0 0 0 6.9175070404462741e-06 0.46027395780787039 0.0086334812442352069
11900 9496.1721211576532 10480.599351151373 10023.220121067327 0 0 0 1.9361544541422689e-06 0.46027395623472833 0.0086333687343032404
12000 9496.0730900911076 10480.819243164489 10023.304468119593 0 0 0 6.5446478244427265e-05 0.4602739725040621 0.0086141355256482144
12100 9495.9645054392677 10480.011039358806 10023.109671236669 0 0 0 0.00020836145640187035 0.46027395640069046 0.0085436839955363546
12200 9496.1850130159164 10480.618298124913 10023.152861218678 0 0 0 2.5921972493127305e-05 0.46027395521148473 0.0085361128588668095
12300 9496.1712171106374 10480.513174291407 10023.209727607822 0 0 0 7.7327079231126976e-05 0.46027395370866431 0.0085018816007308099
12400 9496.1886069397151 10480.625971901112 10023.22845341277 0 0 0 2.2708237095391937e-05 0.46027395947572669 0.0084823624301030767
12500 9496.169551804056 10480.595889866414 10023.218269467176 0 0 0 1.8261896674141746e-06 0.46027395696773321 0.0084823246435431626
12600 9496.190855507617 10480.608324527664 10023.237478482912 0 0 0 3.1194054811046374e-05 0.46027395556510242 0.0084749527711521899
12700 9496.5058409940721 10480.510327299055 10023.214879006937 0 0 0 8.5591906624141946e-05 0.46027395795351256 0.008460542071057028
12800 9496.0560191906152 10480.610237365072 10023.228414405945 0 0 0 6.8965260680374396e-05 0.46027395600812149 0.0084271857546900225
12900 9496.1763898435911 10480.586166478715 10023.230172990512 0 0 0 1.5502908563821453e-05 0.46027395960921769 0.008420262455865286
13000 9496.1244925311512 10480.57518065628 10023.232942455501 0 0 0 1.2815829099101148e-05 0.46027395829871875 0.0084165106800647739
13100 9496.1498629083326 10480.586055001379 10023.241955106401 0 0 0 1.7823283361452506e-05 0.46027396265548004 0.0083849232998937286
13200 9496.1830588886442 10480.550461788998 10023.213409638754 0 0 0 3.1346379373275552e-05 0.4602739574491469 0.0083662918841420179
13300 9496.1703601929221 10480.596028481812 10023.222633355868 0 0 0 2.0417251013572959e-05 0.46027395651642244 0.0083611504668874483
13400 9496.2244732466879 10480.71754769763 10023.289334487361 0 0 0 6.6507962625567262e-05 0.46027395759890311 0.0083067385275958378
13500 9496.3939377821043 10480.531567213886 10023.079496158658 0 0 0 0.00010089137944539251 0.46027395709304852 0.0082738027431437534
13600 9496.1588430334086 10480.568978284351 10023.236995771451 0 0 0 3.2094380864129509e-05 0.46027395902970125 0.0082641599322369787
13700 9496.1527559166989 10480.61089664577 10023.21083006855 0 0 0 1.7826618130772809e-05 0.46027395781400715 0.0082620415922648495
13800 9496.209020092283 10480.522604764939 10023.218212677459 0 0 0 4.1916968869776905e-05 0.46027395380448022 0.0082530489274606558
13900 9496.1928888052826 10480.596903677448 10023.174966086892 0 0 0 2.248357551939086e-05 0.46027395146201855 0.008248290936403533
14000 9496.178033084072 10480.613302032378 10023.222572688201 0 0 0 1.1380065973829558e-05 0.46027395311100527 0.0082431211991505857
14100 9496.1683659445443 10480.601797033643 10023.224170223699 0 0 0 9.6368144851633288e-07 0.46027395270708538 0.0082427412610835346
14200 9496.1863656811802 10480.576239462902 10023.235317301607 0 0 0 1.516416673009723e-05 0.46027395483886147 0.0082381858520439548
14300 9496.1971140749938 10480.842831890819 10023.223645436168 0 0 0 2.4211508018494563e-05 0.46027395440307417 0.0082343854380648833
14400 9496.1729253595968 10480.576500625433 10023.237551389848 0 0 0 2.3300556918825127e-05 0.46027396068324988 0.0082170541025700736
14500 9496.1652996702833 10480.595189810365 10023.222811488522 0 0 0 7.0177676488932186e-06 0.4602739563617273 0.0082163898007455195
14600 9496.1627695399839 10480.588929721727 10023.21542874783 0 0 0 8.5220891625774876e-07 0.46027396375032681 0.0082091610589674173
14700 9496.1540139271438 10480.562150397227 10023.225160717782 0 0 0 1.8262699699011661e-05 0.46027396718818891 0.0075056888911962435
14800 9496.1403811072505 10480.584748319367 10023.229433242797 0 0 0 1.0239382741365661e-05 0.46027396070057935 0.007505042196523439
14900 9496.1680926946447 10480.597339016427 10023.224492428342 0 0 0 3.0841984815860282e-06 0.46027395644241242 0.0075044626056878306
15000 9496.1691160823448 10480.597376812186 10023.22464756266 0 0 0 2.0311835942498238e-07 0.46027395426065942 0.0075044621359102595
15100 9496.1954190138822 10480.621568913944 10023.235403795652 0 0 0 1.6538005098864924e-05 0.46027395485120437 0.0075027642410544996
15200 9496.1838233852468 10480.599153226061 10023.243126316645 0 0 0 3.0691115627874986e-05 0.46027395474791988 0.0074935800524423028
15300 9496.1694990557971 10480.628592034271 10023.240514443238 0 0 0 1.340131664212297e-05 0.46027395238907354 0.0074893626255364857
15400 9496.1733691396894 10480.601600317519 10023.221850155038 0 0 0 1.5893743098658871e-06 0.46027395209696309 0.0074893422205039332
15500 9496.4503652081712 10480.605761450877 10023.226721818055 0 0 0 1.1656718742642039e-05 0.4602739555933113 0.0074695915578844108
15600 9496.1699608012295 10480.599262254054 10023.225610633363 0 0 0 7.5880806624010809e-07 0.46027395356694778 0.007470040535017302
15700 9496.1405725740042 10480.435088922892 10023.143990977742 0 0 0 0.00012028098059355832 0.46027395280774031 0.0073841598370898787
15800 9496.1609667989833 10480.554363335652 10023.24909278919 0 0 0 2.4612095953132254e-05 0.46027394773508734 0.0073742672731191916
15900 9496.162217682484 10480.595723424845 10023.23727654749 0 0 0 6.1304586576564533e-06 0.46027394685674516 0.007373670161664134
16000 9496.171042602904 10480.592405580373 10023.230914840045 0 0 0 8.8468076092979692e-07 0.46027394617446316 0.0073736571009377187
16100 9496.1704586668438 10480.596084399509 10023.227213233624 0 0 0 2.1207665789400235e-07 0.46027394503628294 0.0073735272899256542
16200 9496.1713947385306 10480.596616180375 10023.22662258309 0 0 0 8.2323547393610124e-08 0.46027394376157194 0.0073735244235605532
16300 9496.1721319746084 10480.597261332778 10023.228484848107 0 0 0 4.7616751581986556e-08 0.46027394297813662 0.0073735254607112614
16400 9496.1790184866277 10480.597805595209 10023.236078844917 0 0 0 9.2542820318050076e-06 0.46027394194577098 0.0073701578142901037
16500 9496.1713317865542 10480.596503237797 10023.229760161261 0 0 0 8.7354388735562778e-07 0.46027394476979233 0.0073697284299817931
16600 9496.1704526352933 10480.594250066373 10023.229328898691 0 0 0 1.2863980840499725e-07 0.46027394597389171 0.0073696747319083105
16700 9496.1237475480484 10480.539672070034 10023.217648883734 0 0 0 3.1295748924465627e-05 0.46027394049197401 0.0073393108157101651
16800 9496.1525176321429 10480.58505584556 10023.223960989046 0 0 0 1.6036486570446512e-05 0.46027394116267806 0.0073379448212393056
16900 9496.1748246373954 10480.592402563754 10023.232154295561 0 0 0 3.7667504779696879e-06 0.46027394220831885 0.0073368007882144461
17000 9496.1711414640013 10480.595377445357 10023.230050875411 0 0 0 2.9675933321369131e-07 0.46027394482923134 0.007336683874576113
17100 9496.1567126003501 10480.604075513373 10023.2295157382 0 0 0 9.5483217060005712e-06 0.46027394370250352 0.0073347990481851229
17200 9496.1706924883201 10480.597863750449 10023.231216859756 0 0 0 9.9815495990263644e-07 0.46027394347271977 0.0072868682572761892
17300 9496.1640676998213 10480.597035622244 10023.234966416172 0 0 0 2.3724653320819981e-06 0.46027394312637238 0.0072866480376095307
17400 9496.1705169500856 10480.592381932363 10023.226707227528 0 0 0 7.075981127911994e-06 0.4602739432227706 0.0072862789262033599
17500 9496.1446070405982 10480.599730509293 10023.224184451476 0 0 0 1.5484840305037205e-05 0.4602739482925905 0.0072388094145321167
17600 9496.0951806391076 10480.598776469851 10023.241437366732 0 0 0 1.6158985169981469e-05 0.46027394412617362 0.0072379845096146866
17700 9496.1648391816252 10480.59922136143 10023.228749215927 0 0 0 6.9500502547710151e-06 0.4602739437250184 0.0072307751826939728
17800 9496.1740039156211 10480.593032104111 10023.227397911771 0 0 0 7.5851655274811713e-06 0.4602739418798597 0.0072208419525541488
17900 9496.1744518178875 10480.594879373095 10023.24013742858 0 0 0 7.1181319593033175e-06 0.46027394147992451 0.0072203966183640176
18000 9496.1710951380992 10480.597017868005 10023.232536334644 0 0 0 6.6446470253483695e-07 0.46027394182463444 0.007220387034269536
18100 9496.1554509931939 10480.590871647071 10023.227936985968 0 0 0 1.0457776025651894e-05 0.46027394191863313 0.007217827090355418
18200 9496.1758414258729 10480.597470087518 10023.232219035943 0 0 0 8.9094005436341699e-06 0.46027394153431134 0.0072149738108576488
18300 9496.1739510540428 10480.551677974632 10023.251833382679 0 0 0 8.8766571484310311e-05 0.46027394058558468 0.0071657718851813089
18400 9496.2001045492816 10480.625727524652 10023.233439873493 0 0 0 2.746130778247934e-05 0.46027394288910273 0.0071657552316920997
18500 9496.2106378423669 10480.611607956322 10023.224451613358 0 0 0 1.5752828022431963e-05 0.46027394341841243 0.0071467556511526729
18600 9496.1718713008104 10480.597559273354 10023.232122673238 0 0 0 1.421581767543977e-06 0.46027394301617119 0.0071467249931309717
18700 9496.1647390775579 10480.589760832498 10023.224893427201 0 0 0 3.3511142410663977e-07 0.46027395087806744 0.0071461117185510105
18800 9496.1671140957296 10480.592867274676 10023.228230880883 0 0 0 1.3849504534426453e-06 0.46027394932550614 0.0071457617273351943
18900 9496.1705446511987 10480.57556614665 10023.228857108708 0 0 0 5.4022703159532195e-06 0.46027394647870712 0.0071457208107603169
19000 9496.1764645911753 10480.586148963317 10023.201449941944 0 0 0 2.3897396663686115e-05 0.46027394367533281 0.0071408197586117304
19100 9496.1695180034149 10480.595324317655 10023.228435503852 0 0 0 2.6457402468846107e-06 0.4602739434451335 0.0071406274013763506
19200 9496.1705080229876 10480.596772729245 10023.231110883686 0 0 0 2.0311140481311884e-07 0.46027394315475878 0.0071406256970264863
19300 9496.1389191535272 10480.585585584946 10023.225688441764 0 0 0 3.7758182793794925e-05 0.46027394206197458 0.0071294328479613251
19400 9496.1713496355405 10480.598833490243 10023.228587384947 0 0 0 4.5357110610567722e-06 0.46027394266990185 0.0071290406165259298
19500 9496.1697694870072 10480.594854372457 10023.230016066049 0 0 0 4.9028447199723845e-07 0.4602739439748158 0.0071290158856481432
19600 9496.1459266101756 10480.595417661889 10023.23074196509 0 0 0 8.9149043148525337e-06 0.46027394459724125 0.0071283218949671568
19700 9496.1686288248202 10480.596832685322 10023.231788807539 0 0 0 1.0697970014598001e-06 0.46027394392923549 0.0071283040868641255
19800 9496.1654768504959 10480.604610558261 10023.236613441592 0 0 0 3.7216768583020155e-06 0.46027394587676906 0.0071253630963618829
19900 9496.171789256472 10480.592643541029 10024.129882068941 0 0 0 8.5512902563830766e-06 0.46027395417054917 0.0071198457318197633
20000 9496.1649737800708 10480.592014446562 10023.226392832583 0 0 0 2.4714362065640604e-07 0.46027394958531576 0.0071224924006130499
20100 9496.1664981701051 10480.59462267261 10023.229772367733 0 0 0 1.1558584587426293e-07 0.46027394686631018 0.0071224922523809714
20200 9496.2591921789299 10480.728234264496 10023.240855555914 0 0 0 5.2563982950276124e-05 0.46027394981367087 0.0071095101964655204
20300 9496.1755608071253 10480.591902030861 10023.232406093552 0 0 0 6.0892681869078489e-06 0.46027394620298845 0.0071089374149758107
20400 9496.1685383772674 10480.599269524313 10023.203790399602 0 0 0 1.7333877876133968e-05 0.46027394497981011 0.0071069815608469254
20500 9496.1670859713722 10480.603244857277 10023.23626932114 0 0 0 5.3482167201196734e-06 0.46027394381060227 0.0071054206995887171
20600 9496.1695816961765 10480.59659481951 10023.230737361484 0 0 0 4.4375488064387475e-07 0.46027394398048826 0.0071053354631056085
20700 9496.1703005046402 10480.596396533711 10023.231627514006 0 0 0 4.415646543976213e-08 0.46027394348587702 0.0071053352324458663
20800 9496.2213811000711 10480.659175616805 10023.220270564743 0 0 0 5.0963020352532803e-05 0.46027394502739005 0.0070982674326607121
20900 9496.161081244647 10480.583700621351 10023.224014631016 0 0 0 4.0119279221640253e-06 0.46027395799805693 0.0070944310171767843
21000 9496.1637840350959 10480.588757396534 10023.224363602973 0 0 0 3.3815358773481223e-07 0.46027395234995783 0.0070944101611228692
21100 9496.1664388953195 10480.592082706771 10023.227451714316 0 0 0 1.3764387926809442e-07 0.46027394853788772 0.0070944095279907565
21200 9496.1683733474038 10480.592810594313 10023.225391665355 0 0 0 2.5743903555495111e-06 0.46027394756567641 0.0070941462080727439
21300 9496.171045037825 10480.602153150161 10023.245341193522 0 0 0 9.9613204192461743e-06 0.46027394515245457 0.0070905444004017125
21400 9496.1689988605885 10480.595615486704 10023.23174709745 0 0 0 8.1570914582987895e-07 0.46027394415442457 0.007090533334334119
21500 9496.1701385205488 10480.596043002148 10023.231522445878 0 0 0 4.0564009324915224e-07 0.46027394352901241 0.0070905317573329235
21600 9496.1873436695587 10480.625325959119 10023.183713229075 0 0 0 1.8426843730887104e-05 0.46027394437604308 0.00708678215849838
21700 9496.1648763714402 10480.58409756979 10023.22116756208 0 0 0 1.341696882248712e-05 0.46027394713508174 0.0070849291914364138
21800 9496.1621344965333 10480.587388917729 10023.240699096634 0 0 0 2.7159519929636568e-05 0.46027394536336308 0.007074839244587309
21900 9496.1757746977673 10480.596816797342 10023.232806913153 0 0 0 2.0431361582649672e-06 0.46027394419959833 0.0070747635342084843
22000 9496.1701101121653 10480.588385848352 10023.257023517766 0 0 0 1.4766445173410497e-05 0.46027394465766791 0.0070656386949932027
22100 9496.1683662402993 10480.596219500887 10023.232675697558 0 0 0 1.0345970338191778e-06 0.46027394370365515 0.0070654806918216883
22200 9496.1700982173315 10480.596606374391 10023.23159449748 0 0 0 9.6677001700138538e-08 0.46027394326706239 0.007065479647006402
22300 9496.1703230657058 10480.596639433652 10023.231819131552 0 0 0 2.0981387061672878e-08 0.46027394296042601 0.0070654794848038034
22400 9496.1704104327473 10480.596783974261 10023.231858809961 0 0 0 9.8480455517972289e-09 0.4602739427387742 0.0070654794342132204
22500 9496.1338878935185 10480.595767729064 10023.160615842535 0 0 0 2.8177480695775622e-05 0.46027394238139185 0.0070461984835736274
22600 9496.178774054697 10480.601898966484 10023.235905128455 0 0 0 7.6885005199497306e-06 0.46027394185583892 0.0070448497291387283
22700 9496.1655882771283 10480.591250346097 10023.222306490235 0 0 0 1.2731746051579564e-06 0.46027395248372083 0.0070432922817398411
22800 9496.165649785924 10480.592109039622 10023.227154120739 0 0 0 2.3086145799392848e-07 0.46027394841121605 0.0070432908310715699
22900 9496.1681032095057 10480.595857085775 10023.229276122165 0 0 0 1.1246024808362294e-06 0.46027394580033065 0.007043190064785175
23000 9496.1687687404974 10480.595433019736 10023.230087682505 0 0 0 5.7819906348098495e-06 0.46027395139649929 0.0070426640914794877
23100 9496.1659657381224 10480.599049778915 10023.20415579879 0 0 0 1.4811420040602834e-05 0.4602739465526563 0.0070337954350565505
23200 9496.1693154716322 10480.595081746062 10023.228172970876 0 0 0 1.3572438144124623e-06 0.46027394509880004 0.0070337609351232852
23300 9496.1688310234986 10480.596011055317 10023.230508990604 0 0 0 1.2565199526042526e-07 0.46027394378829967 0.0070337482844443737
23400 9496.1818096022816 10480.601989438544 10023.245717684742 0 0 0 7.7983670883726155e-06 0.46027394160804613 0.0070322207548410617
23500 9496.1716415377468 10480.596548196083 10023.231578216617 0 0 0 8.1846525487203793e-07 0.46027394163080371 0.007023692384566944
23600 9496.1694154072793 10480.59552838492 10023.221952316369 0 0 0 7.069863303790847e-06 0.46027394183589465 0.007022382913736437
23700 9496.1711599645096 10480.596268694142 10023.232146291495 0 0 0 7.7449000858842799e-07 0.46027394155739476 0.0070223661387812785
23800 9496.170502158815 10480.59753423475 10023.232281361612 0 0 0 2.2887231470816188e-07 0.46027394154056755 0.0070223654215152646
23900 9496.172415386427 10480.597300545258 10023.232709555958 0 0 0 1.2518844928194852e-06 0.46027394208873296 0.0070222390855433003
24000 9496.1703165296767 10480.597232414402 10023.231641709062 0 0 0 1.1133827387951409e-07 0.46027394181857173 0.0070222269444498615
24100 9496.1709641030648 10480.594754138183 10023.233038559254 0 0 0 2.520138243608091e-06 0.46027394167219304 0.0070221686398590525
24200 9496.1702953809054 10480.596579879362 10023.231888796314 0 0 0 4.5940926341710278e-06 0.46027394189131476 0.0070220660451243803
24300 9496.1715555548399 10480.497904673644 10023.229902192215 0 0 0 2.9284572171703401e-05 0.4602739412189667 0.0070188375146383866
24400 9496.1499822554197 10480.614238749282 10023.220980588017 0 0 0 2.1798583758180169e-05 0.46027394062372184 0.0070147200958783247
24500 9496.1696109014156 10480.598498584463 10023.230417981527 0 0 0 2.7560638652757993e-06 0.46027394093206309 0.0070146287133380945
24600 9496.1698422602421 10480.59891552021 10023.231789128336 0 0 0 3.3792843149791867e-07 0.46027394097941898 0.0070146249568483112
24700 9496.170201671348 10480.597904579245 10023.231907293533 0 0 0 1.0998371596664485e-07 0.46027394101550823 0.0070146245396346769
24800 9496.1725319259458 10480.596681018105 10023.232653223982 0 0 0 4.6092315222469631e-06 0.4602739408263532 0.0070140686014736504
24900 9496.1722710654158 10480.597117247467 10023.233573508727 0 0 0 2.9506213901635312e-06 0.46027394084427331 0.0070140116462854485
25000 9496.1704089459436 10480.597745196237 10023.231899846318 0 0 0 3.4624965666050268e-07 0.46027394090598328 0.0070140101116001599
25100 9496.1703094212226 10480.597837860192 10023.231801113705 0 0 0 5.3782930436814689e-08 0.46027394091600338 0.0070140099379363144
25200 9496.1653588815334 10480.597528036713 10023.233227121729 0 0 0 2.7161803736654361e-06 0.46027394372377517 0.0070138437227348941
25300 9496.1005577350024 10480.631798786657 10023.173142134065 0 0 0 4.2162566070054946e-05 0.46027394324875814 0.0070098278622857165
25400 9496.1657851450327 10480.572483227121 10023.230752869442 0 0 0 7.0156436313149343e-06 0.46027394216563389 0.0070081644239143575
25500 9496.1466911715797 10480.617870262096 10023.24391051997 0 0 0 1.5807825984226799e-05 0.46027394201637284 0.0070061924519400987
25600 9496.1715290031025 10480.59525922049 10023.229659450753 0 0 0 2.1679614569971011e-06 0.46027394126418186 0.0070059643817422723
25700 9496.1698191247324 10480.598075043392 10023.231866105252 0 0 0 2.1951844146452142e-07 0.46027394108349895 0.0070059633212419268
25800 9496.173393676554 10480.613056089684 10023.232277172363 0 0 0 1.2316413694782746e-05 0.46027394459699322 0.0069972507155982317
25900 9496.169017928476 10480.597344030077 10023.229614606167 0 0 0 8.5975056275984184e-07 0.46027394314107606 0.006997232962558878
26000 9496.1693477317422 10480.596928438476 10023.230399853624 0 0 0 7.4009491750225465e-08 0.46027394220114992 0.0069921255996508534
26100 9496.1696007618229 10480.597504198366 10023.23093061188 0 0 0 1.3024740213621472e-08 0.46027394165750635 0.0069921255559030797
26200 9496.1697520822254 10480.591454114518 10023.230265159062 0 0 0 4.2742050844841936e-06 0.4602739414172291 0.0069899810590158522
26300 9496.1704151799204 10480.597942724376 10023.23131011746 0 0 0 3.5913808318380377e-07 0.46027394123000753 0.0069899772333882129
26400 9496.1701834932664 10480.555825886486 10023.231510124682 0 0 0 4.5949258390601165e-06 0.46027394036830438 0.0069898884023093218
26500 9496.1920702000862 10480.601161741819 10023.225967147133 0 0 0 3.0392498175278952e-05 0.46027393765243074 0.0069694070089025301
26600 9496.1782640400324 10480.59566329818 10023.237468452511 0 0 0 5.1124202321769834e-06 0.46027393992064081 0.0069691334696761406
26700 9496.1698336565423 10480.599930496877 10023.231117989846 0 0 0 6.3874200175803373e-07 0.46027394026598345 0.0069691294744048844
26800 9496.1355227604945 10480.583944277008 10023.236366202422 0 0 0 3.9620727649461515e-05 0.46027393942874817 0.0069608460556775959
26900 9495.9558439069897 10480.172533074327 10023.214632640194 0 0 0 8.1624518945978478e-05 0.46027393175995979 0.0069434003581813142
27000 9496.1464769488703 10480.61753566512 10023.236456802653 0 0 0 1.6792367876108375e-05 0.46027393852348619 0.0069415834200268253
27100 9496.1783161896001 10480.598966582415 10023.228516410496 0 0 0 2.4357964785060295e-06 0.46027393924921678 0.0069415347676998656
27200 9496.1709536446633 10480.599510656675 10023.232778459964 0 0 0 3.7905562146334084e-07 0.46027393990250132 0.0069414488649725955
27300 9496.4295685754623 10480.599407982332 10023.231886363752 0 0 0 2.3063743539467851e-06 0.46027394303919023 0.0069410179838939167
27400 9496.1689135608649 10480.597526342019 10023.230354474259 0 0 0 2.3377598602548766e-08 0.46027394212147044 0.0069411993351671773
27500 9496.1693409701074 10480.59792699474 10023.230778444467 0 0 0 5.9424090102509102e-09 0.4602739415797279 0.0069411993167508984
27600 9496.2159517466171 10480.642555785451 10023.227473363564 0 0 0 1.6994760514523895e-05 0.46027394090261109 0.0069402108553955847
27700 9496.1851803239733 10480.609982641845 10023.231645569924 0 0 0 1.2633315810796743e-05 0.46027394260419596 0.0069348994257998385
27800 9496.1703916428451 10480.589421910468 10023.230019290282 0 0 0 2.4403108951269075e-06 0.46027394196469529 0.006934859684249178
27900 9496.1730347329049 10480.592044234219 10023.232329539149 0 0 0 4.6558463890905154e-07 0.46027394073602901 0.0069348569676688284
28000 9496.1800749649119 10480.590836231704 10023.217512328352 0 0 0 7.9602422429395054e-06 0.46027393827075347 0.0069297260066338807
28100 9496.1680634090662 10480.596672620533 10023.243276644191 0 0 0 7.0015578185295837e-06 0.46027393839325337 0.0069293254884151946
28200 9496.1738588464304 10480.589044908011 10023.232319224977 0 0 0 3.7463371595457427e-06 0.46027393815357343 0.0069286348438732642
28300 9496.176372175978 10480.575969977617 10023.236774815139 0 0 0 1.9199018101443607e-06 0.46027393771858482 0.0069283778965851745
28400 9496.1770676461074 10480.583052684735 10023.236992587348 0 0 0 5.146206981476239e-07 0.46027393880410039 0.0069283183762497529
28500 9496.1782011942705 10480.579986800391 10023.237058388822 0 0 0 9.2305977084916286e-08 0.46027393831315888 0.0069283164990488416
28600 9496.1806557208456 10480.57523200001 10023.238792639855 0 0 0 5.808361086814832e-06 0.46027393759877244 0.0069256809999005608
28700 9496.1796808674208 10480.577672156222 10023.238536257606 0 0 0 1.5471268310841991e-06 0.46027393679508366 0.006925624830567083
28800 9496.183893967258 10480.578013778379 10023.24052412431 0 0 0 9.50863353768448e-07 0.46027393622678026 0.0069255831101496653
28900 9496.184160260309 10480.57796137802 10023.206876800305 0 0 0 2.463750816185891e-05 0.46027393643238901 0.0069228715894451686
29000 9496.1838981864421 10480.575554700006 10023.239126664248 0 0 0 2.6688014119093376e-06 0.46027393597977184 0.0069227782098657681
29100 9496.1830138237347 10480.573546613925 10023.241667467477 0 0 0 2.7295568184262486e-07 0.46027393531394034 0.006922756524501238
29200 9496.1843661748499 10480.571686078669 10023.241895966712 0 0 0 5.5256690167018615e-08 0.46027393482736689 0.0069227563659330664
29300 9496.1873172885626 10480.570360183649 10023.205904623755 0 0 0 1.0455560960766132e-05 0.46027393496855884 0.0069223202386835174
29400 9496.1852088950782 10480.57101615905 10023.245449128677 0 0 0 1.6220136889914067e-06 0.46027393437571784 0.0069222891354772734
29500 9496.1183075275294 10480.563232150194 10023.224669571982 0 0 0 3.4747321567627396e-05 0.46027393080577605 0.0068403457291996038
29600 9496.1876597654446 10480.573684354335 10023.236813675268 0 0 0 3.5521927436366059e-06 0.46027393183351861 0.0068401968575410275
29700 9496.1874969488345 10480.568792958637 10023.244836068801 0 0 0 2.8476149355176534e-07 0.46027393223593904 0.0068401952888314313
29800 9496.1878905444337 10480.567858161212 10023.244764303425 0 0 0 4.2633830943760459e-08 0.46027393241932946 0.0068401951890733658
29900 9496.206233574263 10480.575597964857 10023.232013444544 0 0 0 3.1511178203319462e-05 0.46027393048076648 0.0064614726041747955
30000 9496.1913559274799 10480.556377805755 10023.236358791462 0 0 0 4.527194635736389e-06 0.46027393569828789 0.0064610002283365647
30100 9496.1885909581561 10480.561346268049 10023.246107531873 0 0 0 1.1664159633601255e-06 0.46027393514471793 0.006460991400177982
30200 9496.1735358016631 10480.564730270864 10023.241974197059 0 0 0 5.7421945346415857e-06 0.46027393363161084 0.0064553586408662442
30300 9496.1662656360877 10480.564718570993 10023.272562840364 0 0 0 4.9941155551362308e-06 0.4602739327429014 0.0064549252119056339
30400 9496.188061116567 10480.567005889689 10023.242364635002 0 0 0 5.4239085442980469e-07 0.46027393169671471 0.006454921361941258
30500 9496.1847888751472 10480.567620316768 10023.247378966069 0 0 0 1.5570513095264885e-06 0.46027393150460028 0.0064548975312686933
30600 9496.1889146255035 10480.56613673121 10023.247561738192 0 0 0 2.3874549591647107e-07 0.46027393200059907 0.006454895267725194
30700 9496.1887460855669 10480.565365150322 10023.247929029443 0 0 0 2.9807248649972433e-07 0.46027393259704397 0.0064548940911256462
30800 9496.1858759408478 10480.562577141589 10023.249867623776 0 0 0 5.1761105805565609e-06 0.46027393218914681 0.0064532021415017529
30900 9496.1892772158226 10480.565964745547 10023.24345304589 0 0 0 5.2269299088990676e-07 0.46027393239975256 0.006453199788404927
31000 9496.1920907858112 10480.568642560333 10023.243026530987 0 0 0 1.1588370797598673e-06 0.46027393226174351 0.0064518590397208576
31100 9496.1874251964909 10480.556594361191 10023.243329146353 0 0 0 5.9615980024085257e-06 0.46027393252829474 0.0064514913083841361
31200 9496.1867449380479 10480.571641472066 10023.243522755982 0 0 0 2.7335337009489099e-06 0.46027393543807815 0.0064485340400076375
31300 9496.1876300169006 10480.564986092942 10023.243758147868 0 0 0 5.5932806608924037e-07 0.460273934076874 0.0064476969515537691
31400 9496.1875335002205 10480.565214429336 10023.245109940532 0 0 0 8.9388189229229552e-08 0.46027393346755008 0.0064476965624951461
31500 9496.1596201248158 10480.553880681518 10023.237693351095 0 0 0 2.3241688460096671e-05 0.46027393542278605 0.0064411729909849731
31600 9496.186844728576 10480.564138703301 10023.244301419101 0 0 0 1.6101769993075324e-06 0.46027393432716834 0.0064411312384089351
31700 9496.1872312054402 10480.566194266883 10023.243340897177 0 0 0 3.1113057127984862e-06 0.46027393351613033 0.0064404904845816987
31800 9496.1801446323097 10480.564413258804 10023.233983643844 0 0 0 5.7565223576619634e-06 0.46027393448918308 0.0064397196850370306
31900 9496.1869406328751 10480.565393330409 10023.243851461983 0 0 0 3.2462183732354393e-07 0.46027393372477876 0.0064397168592828461
32000 9496.187827848029 10480.56558622736 10023.244522816452 0 0 0 2.7061164670997474e-08 0.46027393317134435 0.0064397167877053843
32100 9496.188184143828 10480.566024361899 10023.244930483397 0 0 0 1.7947056477919605e-07 0.46027393280693496 0.0064397128127225969
32200 9496.1897560377056 10480.565358513963 10023.237044804866 0 0 0 3.9749099178271202e-06 0.460273931316032 0.0064392476209366688
32300 9496.1817153832053 10480.611089974496 10023.16677455659 0 0 0 1.9336208707911528e-05 0.46027392998365424 0.0064263966418162061
32400 9496.1976640829089 10480.555750263042 10023.2445146465 0 0 0 4.4766942864710711e-06 0.46027393110599424 0.0064262851251892473
32500 9496.1912563958376 10480.572844873835 10023.244694168892 0 0 0 1.1438885193822424e-06 0.46027393112925163 0.0064262758754389674
32600 9496.1901224076428 10480.565748517669 10023.24624948006 0 0 0 3.3365307193591396e-07 0.46027393160102026 0.0064262748602797754
32700 9496.1881926722162 10480.564998829343 10023.244465967409 0 0 0 2.0985412961658918e-07 0.46027393411151163 0.0064261853638593065
32800 9496.1876209349248 10480.563774573251 10023.244588327832 0 0 0 6.3069222446744796e-07 0.46027393398503358 0.0064261693957042617
32900 9496.1873075537351 10480.565136087855 10023.243138125788 0 0 0 1.751214361509631e-07 0.4602739341839428 0.0064261049006529526
33000 9496.1874540317312 10480.655519770318 10023.242604297549 0 0 0 8.3098338589787551e-07 0.46027393422394669 0.0064260993644375004
33100 9496.1884231785007 10480.568555080046 10023.379010442704 0 0 0 1.5599085757387944e-05 0.4602739328602049 0.0064251141626818567
33200 9496.1892635427394 10480.568884619001 10023.247217698621 0 0 0 2.8408258382675467e-06 0.46027393239987402 0.0064249869377641577
33300 9496.1882431613139 10480.566457986626 10023.284768746071 0 0 0 5.8680265155091936e-07 0.46027393268309724 0.0064249859956778971
33400 9496.2177063248346 10480.554136839268 10023.218916400347 0 0 0 2.202122692788336e-05 0.46027392885601159 0.0063701387010254079
33500 9496.1888422893626 10480.572366362823 10023.247152071193 0 0 0 2.4176478922812755e-06 0.4602739298001618 0.0063688878195050092
33600 9496.1872224955168 10480.56749642511 10023.244668084426 0 0 0 1.5565386320206041e-06 0.46027393079664902 0.0063680660554594403
33700 9496.1890170968363 10480.570064171514 10023.241484170545 0 0 0 1.4513962985363583e-06 0.46027393141843775 0.0063577098271787895
33800 9496.1913462485882 10480.566280086128 10023.244498309336 0 0 0 1.3397855552908553e-06 0.46027393158548979 0.0063573918184488733
33900 9496.1895056528319 10480.565454903119 10023.245110407301 0 0 0 1.0051255114928163e-06 0.46027393276686934 0.0063563202885436329
34000 9496.197115541032 10480.556771306836 10023.253402026743 0 0 0 4.2985788584232158e-06 0.46027393284400842 0.0063562330726284347
34100 9496.1888960254564 10480.566952094479 10023.24407182034 0 0 0 5.3015372977019932e-07 0.46027393259054927 0.00635623016226058
34200 9496.1881302632246 10480.567902390814 10023.248494315916 0 0 0 1.5966669280340325e-06 0.46027393203516787 0.0063553529305791414
34300 9496.1885053661936 10480.567007769274 10023.245603687552 0 0 0 1.7242869263841954e-07 0.46027393213339096 0.0063553516320701622
34400 9496.1886349518154 10480.566358337392 10023.245564723889 0 0 0 1.1718281304350606e-07 0.4602739321925895 0.0063553509574395045
34500 9496.1310740595163 10480.512063823509 10023.255568176797 0 0 0 2.4636604932656829e-05 0.46027393160915475 0.0063490835035290485
34600 9496.183021397128 10480.5666192189 10023.251731997996 0 0 0 4.9829653791204509e-06 0.46027393123284988 0.0063488931399937826
34700 9496.1884677452381 10480.566737863533 10023.243850273555 0 0 0 8.8853391793536636e-07 0.46027393166408648 0.0063488866021693931
34800 9496.1887336909349 10480.56759243952 10023.245881338113 0 0 0 2.0905563051878724e-07 0.46027393189474952 0.0063482232199871189
34900 9496.1962468182683 10480.576399734015 10023.221212532393 0 0 0 8.2998696681880257e-06 0.46027393165387009 0.0063449808571496595
35000 9496.1810312407251 10480.564746284075 10023.240366054915 0 0 0 1.6900462297616669e-06 0.46027393716789489 0.0063446498846426169
35100 9496.181276029838 10480.558091887868 10023.236662189107 0 0 0 7.390790550446779e-07 0.46027394203986582 0.0063437331622670278
35200 9496.1840873374131 10480.56163278685 10023.241431144179 0 0 0 2.5559838035124692e-07 0.46027393820562701 0.0063424100366052802
35300 9496.2053478256494 10480.546010071777 10023.275767771787 0 0 0 3.1997642695921492e-05 0.46027393414941709 0.0063378221466813657
35400 9496.1793742911614 10480.563749701312 10023.249004033145 0 0 0 1.3210348107513888e-05 0.46027393292487861 0.0063374718581148889
35500 9496.1882712407987 10480.567928725011 10023.246667340409 0 0 0 1.5890994811706626e-06 0.46027393284369578 0.0063371719977220213
35600 9496.1788309333369 10480.559511574013 10023.245904303159 0 0 0 1.0341532518164897e-05 0.46027393233316594 0.0063335741946622141
35700 9496.1712684992417 10480.570160681966 10023.247903442949 0 0 0 1.4994105604952394e-05 0.46027393569662833 0.0063299130966473849
35800 9496.1871547364299 10480.565289884104 10023.246013029782 0 0 0 1.2536706936316838e-06 0.46027393482626833 0.0063298874439888693
35900 9496.1869780232028 10480.56529634574 10023.24378010406 0 0 0 1.4638910017995161e-07 0.46027393393316174 0.0063298872754537008
36000 9496.1895106444936 10480.565239149473 10023.242716300754 0 0 0 1.9462628905671726e-06 0.46027393413475182 0.0063289551228896878
36100 9496.1875158672337 10480.565895514381 10023.243790734399 0 0 0 1.9334332644057882e-07 0.46027393325656429 0.0063288736515059816
36200 9496.1879503505716 10480.565987541631 10023.24460262924 0 0 0 4.2162885479337836e-08 0.46027393277121664 0.0063288737266120262
36300 9496.1886583055966 10480.565036004249 10023.244679977122 0 0 0 4.6691402623906546e-06 0.46027393276962203 0.0063287096198884167
36400 9496.1878789809962 10480.566007971163 10023.244848230319 0 0 0 3.9857235121406519e-07 0.46027393268035788 0.0063287073455073513
36500 9496.1882042211037 10480.566259337202 10023.244932209676 0 0 0 5.03295229862043e-08 0.46027393259834615 0.0063287073091262995
36600 9496.1929274944978 10480.5671175607 10023.240214633308 0 0 0 3.6052723073865567e-06 0.46027393196114819 0.0063286188424216171
36700 9496.1891450337262 10480.566734149761 10023.245167921828 0 0 0 2.5817228527287549e-07 0.46027393201799582 0.0063284994616721662
36800 9496.1881715931559 10480.56474499813 10023.243038343193 0 0 0 2.9843403003937738e-06 0.46027393232497116 0.0063282818915267013
36900 9496.1312638961608 10480.630642050042 10023.188203024229 0 0 0 3.3026730645984211e-05 0.46027393074660061 0.0063111917342038547
37000 9496.1617204007889 10480.56831718596 10023.216756127527 0 0 0 8.8782806031825104e-06 0.4602739316879878 0.0063106040978225504
37100 9496.1880139289406 10480.566097071895 10023.247653395709 0 0 0 1.0979188236899796e-06 0.46027393201864097 0.0063105935861492045
37200 9496.1885662551522 10480.566513359638 10023.245732933541 0 0 0 1.3506627137608531e-07 0.46027393211906886 0.00631059324423298
37300 9496.182878625008 10480.561085688716 10023.239870840842 0 0 0 3.0506026481997931e-07 0.46027393815984963 0.0063103370197607513
37400 9496.1857373046241 10480.563555660481 10023.242277124031 0 0 0 2.9187722144030313e-08 0.46027393582730924 0.0063103370283253473
37500 9496.2209292342122 10480.718542408302 10023.237073826436 0 0 0 2.9923640467646733e-05 0.46027393809319905 0.0063061973095195362
37600 9496.1957355025534 10480.569081225336 10023.23184643135 0 0 0 6.3370719445079586e-06 0.46027393396754857 0.0063059113387747869
37700 9496.1954588249337 10480.568569248104 10023.256331341592 0 0 0 1.4272654467748038e-05 0.4602739328950779 0.0062948765827709275
37800 9496.1540380497845 10480.570033158616 10023.229967480482 0 0 0 1.6394897019983862e-05 0.46027393063463273 0.0062852961116146898
37900 9496.2187781716457 10480.578089799346 10023.214096783413 0 0 0 2.3358772405263172e-05 0.46027393078363044 0.0062774192942972196
38000 9496.1817396057631 10480.558600840312 10023.250064038344 0 0 0 6.3848526354877104e-06 0.46027393231628355 0.0062770844224182779
38100 9496.1936928559371 10480.58318914447 10023.266866284677 0 0 0 7.9120762031667878e-06 0.46027393186893284 0.006275809985898796
38200 9496.1886727364072 10480.56701251587 10023.244920675821 0 0 0 9.8826778759598092e-07 0.46027393196802147 0.0062758034503406605
38300 9496.1882486735867 10480.566813968582 10023.245376377659 0 0 0 1.37663066410356e-07 0.46027393211536471 0.0062757795064369648
38400 9496.1883208366853 10480.566767261964 10023.24525037216 0 0 0 1.1962667814565411e-08 0.46027393220955559 0.0062757794861141901
38500 9496.1901863352905 10480.574897405975 10023.248672193642 0 0 0 5.9273039861331704e-06 0.46027393218764323 0.0062628103641381178
38600 9496.1882759160198 10480.585356804926 10023.18452382459 0 0 0 1.3559925879693981e-05 0.46027393204546041 0.006262137671425189
38700 9496.1866090598342 10480.566588741209 10023.246424572588 0 0 0 1.5590094288669015e-06 0.46027393215923729 0.0062620233177621389
38800 9496.18683794967 10480.55504282173 10023.254459772843 0 0 0 7.5694316338173247e-06 0.46027393152083185 0.0062600351974289627
38900 9496.185936540458 10480.570594426454 10023.244095883905 0 0 0 1.408461248467019e-06 0.46027393196473487 0.0062600196087602821
39000 9496.1887905355907 10480.565646867026 10023.246482402112 0 0 0 2.925954645293999e-07 0.4602739323392685 0.0062600192854722061
39100 9496.1880271024729 10480.567204082921 10023.244606761164 0 0 0 9.0219401535316677e-08 0.46027393233924285 0.0062600192002594509
39200 9496.1878392631988 10480.56635941582 10023.244249380341 0 0 0 3.936626516329598e-08 0.46027393258419202 0.0062600177024202067
39300 9496.1874570525888 10480.567491505892 10023.245228559714 0 0 0 8.3842213600928542e-07 0.46027393231738811 0.0062597733995954242
39400 9496.1735481140058 10480.556600664699 10023.243380918631 0 0 0 3.5537316752861533e-06 0.46027393284093454 0.0062566970369665421
39500 9496.1873587513765 10480.563447819935 10023.245611085229 0 0 0 1.4808155001546182e-06 0.46027393316355292 0.0062561249075080384
39600 9496.1875311042513 10480.565742710429 10023.244881981063 0 0 0 1.6139743218251787e-07 0.46027393328340582 0.0062561191900114858
39700 9496.187851255565 10480.566095573335 10023.244727838985 0 0 0 2.6220094297604099e-08 0.46027393296217356 0.0062561191793142398
39800 9496.1876945923486 10480.566178933022 10023.24433051135 0 0 0 1.4028705287275475e-08 0.46027393303438491 0.0062561175373457151
39900 9496.1889491990078 10480.5684718106 10023.251251897958 0 0 0 4.6279969611604305e-06 0.46027393226401159 0.0062539373110894435
40000 9496.1884872862229 10480.566913758061 10023.244950492704 0 0 0 3.2783339599735279e-07 0.46027393226613467 0.0062539346956542903
40100 9496.1815011740564 10480.585921942285 10023.248490337694 0 0 0 1.565294779569966e-05 0.46027393038488995 0.0062454709507277113
40200 9496.1885867794226 10480.567349321549 10023.247514884337 0 0 0 1.2998816073529249e-06 0.46027393109691306 0.0062454511054603921
40300 9496.1888158658858 10480.567541703547 10023.243193613085 0 0 0 2.5742613254230873e-06 0.46027393165246056 0.0062451959957853928
40400 9496.1887867802252 10480.567526708646 10023.245166980849 0 0 0 2.9664351742400769e-07 0.46027393185964582 0.0062451947069972332
40500 9496.1887938650398 10480.567188267752 10023.246120250864 0 0 0 6.721506761898833e-07 0.46027393212684919 0.0062451584771819396
40600 9496.1883868048899 10480.566792549038 10023.245157909856 0 0 0 4.1973873193876748e-08 0.46027393220370516 0.0062451584318072642
40700 9496.2134489734708 10480.572999256672 10023.237090696257 0 0 0 1.2130676805785113e-05 0.46027393369194047 0.0062413436072963433
40800 9496.1876180757863 10480.567690804917 10023.244605710455 0 0 0 9.0552874627689437e-07 0.46027393318736354 0.0062413308974105484
40900 9496.1888706221944 10480.569135839187 10023.247485219934 0 0 0 2.512006225439898e-06 0.4602739323879087 0.0062413103024300254
41000 9496.1882174508646 10480.566492115058 10023.244714456177 0 0 0 1.3792894901991657e-07 0.46027393236915837 0.0062413095885631518
41100 9496.188210950364 10480.566673215691 10023.245059927414 0 0 0 1.0902955328296377e-08 0.46027393236243108 0.0062413095734227628
41200 9496.1882259888716 10480.566680747796 10023.245069314666 0 0 0 2.0274601120739294e-09 0.46027393235570269 0.0062413095720481896
41300 9496.188230115662 10480.566686970889 10023.245072745587 0 0 0 8.5179694811030957e-10 0.46027393235147962 0.0062413095718725879
41400 9496.1515144139757 10480.566563546901 10023.226795070337 0 0 0 1.6254630467093653e-05 0.46027393174382036 0.0062392964900776834
41500 9496.1888986137019 10480.568664781164 10023.243228760171 0 0 0 2.1334775114260892e-06 0.46027393210362211 0.0062392472515760723
41600 9496.185621610286 10480.564044582072 10023.242075353572 0 0 0 2.8497751478687909e-07 0.46027393591978694 0.0062388650145796904
41700 9496.1864730413126 10480.567838040512 10023.245064351056 0 0 0 2.3118643511905238e-06 0.46027393402650563 0.0062380550927090056
41800 9496.188187465792 10480.564008837344 10023.245032012099 0 0 0 3.3588844289292125e-06 0.46027393345712619 0.0062378801833461346
41900 9496.1879190657128 10480.566222126001 10023.244080955878 0 0 0 2.8465486494947805e-07 0.46027393316067589 0.0062378774064207306
42000 9496.1879292738813 10480.566277586775 10023.244699517189 0 0 0 2.6115911304282552e-08 0.4602739328299299 0.0062378406773537873
42100 9496.1880176263548 10480.566444497808 10023.244839723233 0 0 0 3.4839344208011801e-09 0.46027393263837191 0.0062378406756187716
42200 9496.2000752922686 10480.548745168764 10023.159090817015 0 0 0 1.8462571552397181e-05 0.46027393052881849 0.006197576678667235
42300 9496.1851936314943 10480.567305675777 10023.242495770386 0 0 0 1.839112918595566e-06 0.46027393434530395 0.0061973459596425719
42400 9496.1871816974999 10480.56577056389 10023.24410199154 0 0 0 1.4415242629342515e-07 0.46027393352744483 0.0061973455594236514
42500 9496.18770734996 10480.566077497693 10023.24452195087 0 0 0 1.666562178561709e-08 0.46027393305600006 0.0061973455506626803
42600 9496.1879052448076 10480.566331973718 10023.2447382708 0 0 0 3.6839772960757583e-09 0.460273932773407 0.0061973455541854744
42700 9496.1854198580968 10480.561463566084 10023.241381126683 0 0 0 4.0105175098060127e-06 0.460273932796461 0.0061893259895134519
42800 9496.1840784594369 10480.562631159875 10023.240640060603 0 0 0 4.9250176825743375e-07 0.46027393806444572 0.0061889883740106223
42900 9496.1855663906863 10480.563839459306 10023.24204643844 0 0 0 6.5767665814696485e-08 0.46027393572014386 0.006188076780038204
43000 9496.1714018204984 10480.570820606163 10023.236846731867 0 0 0 1.2126321881853117e-05 0.46027393361163826 0.0061859309754774055
43100 9496.2001321136904 10480.489957160136 10023.236351516376 0 0 0 2.1731199985675168e-05 0.46027393137040773 0.0061702500865282069
43200 9496.1896028057708 10480.570488898285 10023.248610352795 0 0 0 3.0150587051903429e-06 0.4602739323627566 0.0061701417561674677
43300 9496.1875557906969 10480.566234012995 10023.244824304915 0 0 0 3.1996772746243164e-07 0.46027393209414391 0.0061701398665221317
43400 9496.1877706575979 10480.566404325104 10023.245001746445 0 0 0 3.0646512755018514e-07 0.46027393193060684 0.0061695390056861589
43500 9496.1880712602451 10480.523132358054 10023.242635325721 0 0 0 1.2014003779693015e-05 0.46027393128806438 0.0061682736127438072
43600 9496.1942094594124 10480.56760671556 10023.243706343188 0 0 0 2.3981943747435669e-06 0.46027393106535042 0.0061682385204484425
43700 9496.1733931610179 10480.569101912753 10023.247142167733 0 0 0 1.2595986941941969e-05 0.46027393032780672 0.0061655788678519636
43800 9496.1866602926511 10480.564985233263 10023.245545622132 0 0 0 3.600929101346642e-06 0.46027393193086774 0.0061652666758979799
43900 9496.1878987926757 10480.567080517141 10023.244668872825 0 0 0 3.1076235754108336e-07 0.46027393166583275 0.0061651224151039741
44000 9496.1869480346322 10480.565778079761 10023.242810746324 0 0 0 1.1668939861206073e-06 0.46027393164040398 0.0061650308765067007
44100 9496.1879460765904 10480.566905385853 10023.244386915043 0 0 0 8.7409399918211445e-08 0.46027393145494166 0.0061650304636685915
44200 9496.1878416636973 10480.566548287788 10023.245072023123 0 0 0 9.6159748785558896e-07 0.46027393138324246 0.0061650217639405928
44300 9496.1927735752506 10480.5673325609 10023.243489373755 0 0 0 9.9485746904039435e-07 0.4602739313440839 0.0061636472056815972
44400 9496.187201893692 10480.567872187621 10023.244850651168 0 0 0 3.7810200698154887e-07 0.46027393121113525 0.0061636410394826377
44500 9496.1911527234988 10480.582746960103 10023.248429293581 0 0 0 1.0029105141842564e-05 0.4602739287751012 0.0061602545898600614
44600 9496.189370329681 10480.568224259019 10023.246418579016 0 0 0 8.4397166438998742e-07 0.46027392954852508 0.0061593688921647693
44700 9496.1880074630189 10480.567694181676 10023.244760440262 0 0 0 9.7477213074766458e-08 0.46027393055174137 0.0061593557804131395
44800 9496.1879425367606 10480.56745589311 10023.244537118813 0 0 0 2.6323364849972615e-08 0.46027393057559951 0.0061593557160850741
44900 9496.1858275319009 10480.572992682602 10023.239842147557 0 0 0 1.8972093086172464e-06 0.46027393071185052 0.006159327388360121
45000 9496.1888816281444 10480.566944672475 10023.245852818332 0 0 0 6.0251817509667824e-07 0.4602739306066076 0.0061550082985582779
45100 9496.2111524280444 10480.565504317678 10023.3648957237 0 0 0 1.5193409775457166e-05 0.46027393177535436 0.0061505713376235442
45200 9496.1831425922319 10480.57879397318 10023.241196009014 0 0 0 8.3365468200422015e-06 0.4602739307887731 0.0061502267219136894
45300 9496.1872263618316 10480.569540737108 10023.243471442962 0 0 0 2.165580141973566e-06 0.46027393053573151 0.0061501435735910595
45400 9496.1885539608484 10480.564376268703 10023.246649832334 0 0 0 1.2537394901233619e-06 0.46027393048686072 0.0061489964759617738
45500 9496.1876540767116 10480.567162608038 10023.243874922877 0 0 0 8.3467856764503719e-07 0.46027393035695818 0.0061489889389463974
45600 9496.1877884733858 10480.567598699823 10023.244038452023 0 0 0 2.2546366952756076e-07 0.46027393025362073 0.0061489878564082558
45700 9496.1877714261227 10480.567470050166 10023.244399140924 0 0 0 3.5647589276023269e-08 0.46027393016592655 0.0061489874199133444
45800 9496.187690152401 10480.567621219869 10023.244323295978 0 0 0 1.3099593590130858e-08 0.46027393008680817 0.0061489873998107044
45900 9496.1877123469367 10480.567657844464 10023.244351662566 0 0 0 7.3853778969734282e-09 0.46027393001575578 0.0061489873896915254
46000 9496.1876712872745 10480.567691443419 10023.244330383117 0 0 0 4.5643846708784785e-09 0.4602739299495523 0.0061470384456520158
46100 9496.1877071083745 10480.567811516863 10023.244350207646 0 0 0 6.7689168765604221e-07 0.46027392982109971 0.006147005476681777
46200 9496.1878042671324 10480.56815370637 10023.243997459693 0 0 0 1.6495266086710921e-07 0.46027392981325366 0.0061470052045039178
46300 9496.189328823908 10480.568999420937 10023.241027015176 0 0 0 4.4540872324464199e-06 0.46027392970747316 0.0061456700990772158
46400 9496.1871816724815 10480.57015170878 10023.245640880414 0 0 0 8.5752815670820108e-07 0.46027392989511906 0.0061456638782693834
46500 9496.1873984789454 10480.567687141751 10023.244167632422 0 0 0 1.0371248075893673e-06 0.46027392991316995 0.0061454743822472631
46600 9496.1874481040413 10480.567686734636 10023.243476797279 0 0 0 4.8168486055202864e-07 0.46027392985489068 0.0061454413539756576
46700 9496.1872901311162 10480.568063063152 10023.243511294708 0 0 0 7.27152189347636e-08 0.46027392955072288 0.0061454411029526644
46800 9496.1868595588639 10480.568126930557 10023.243248662882 0 0 0 4.4802068491147284e-07 0.46027392933146061 0.006145435889749239
46900 9496.1876717398973 10480.566214538238 10023.244613463745 0 0 0 6.5171635531799774e-07 0.46027392930071032 0.0061454300300497226
47000 9496.1877295412269 10480.567884738672 10023.244942228725 0 0 0 9.510527771594486e-08 0.46027392950397006 0.0061453594407047561
47100 9496.1874114145139 10480.567902058212 10023.244614710553 0 0 0 2.4124137392151911e-08 0.46027392952370838 0.0061453594126200583
47200 9496.186497520237 10480.567629610956 10023.24424283758 0 0 0 1.3053121184848456e-06 0.46027392932119648 0.0061452259108176728
47300 9496.1870998462109 10480.568069104505 10023.244303066942 0 0 0 1.1428710792568275e-07 0.4602739292514314 0.0061452254948350044
47400 9496.1870945332794 10480.568144940715 10023.244178939238 0 0 0 2.0943529142255164e-08 0.46027392913300902 0.0061452254451274946
47500 9496.1870042444989 10480.568172509407 10023.244378562184 0 0 0 9.2344049173155523e-09 0.46027392902131359 0.006145225438608422
47600 9496.1826727903936 10480.57045835234 10023.245242562773 0 0 0 7.3301222688730117e-06 0.46027392929454281 0.0061447602316462551
47700 9496.1900871287762 10480.570374378549 10023.244919063494 0 0 0 1.5665854502480582e-06 0.46027392909228471 0.0061447399109006732
47800 9496.1839019625477 10480.568386325025 10023.243376269549 0 0 0 2.7150903431717104e-06 0.46027392882454143 0.0061446819628387496
47900 9496.1868881179216 10480.56813207501 10023.244481481213 0 0 0 1.7728363356963909e-07 0.46027392882276397 0.0061446811839590337
48000 9496.1865608257231 10480.567887731342 10023.244126009255 0 0 0 2.0742433043112015e-08 0.46027392924854182 0.0061446680037413664
48100 9496.1859606290091 10480.567171272176 10023.24342119426 0 0 0 3.9479160207947644e-08 0.46027392999711669 0.0061446564730624027
48200 9496.1863176829374 10480.56761693627 10023.243940520444 0 0 0 2.1517123711056978e-08 0.46027392944584711 0.0061446564058580452
48300 9496.1865224091816 10480.567969994592 10023.244170470554 0 0 0 8.3258009502414886e-09 0.46027392909260745 0.0061446563942746026
48400 9496.1866703912292 10480.568147047105 10023.244307958694 0 0 0 4.8163452335197431e-09 0.46027392886447105 0.0061446563926105405
48500 9496.1867292702937 10480.568258877047 10023.244391841086 0 0 0 3.3040506591984273e-09 0.46027392870975359 0.0061446563923557634
48600 9496.1867823328175 10480.572296956701 10023.141514976031 0 0 0 1.6526279580702597e-05 0.46027392764827357 0.0061419277384360347
48700 9496.1854633529601 10480.566806633908 10023.233351121198 0 0 0 6.8257707186286914e-06 0.46027392829356939 0.0061422684199664004
48800 9496.1859927856895 10480.568261882589 10023.245012493642 0 0 0 8.1864882509011029e-07 0.46027392852886884 0.0061422619097072865
48900 9496.1867040261786 10480.567830736094 10023.244324326639 0 0 0 1.4245396250321291e-07 0.46027392843910953 0.006141911768848902
49000 9496.1867308688943 10480.568357679684 10023.244526693403 0 0 0 2.3160371367301153e-06 0.46027393123715299 0.0061416250447494025
49100 9496.185319559585 10480.566377640183 10023.242878358149 0 0 0 9.1641033869623794e-07 0.46027393003674089 0.0061416145633206619
49200 9496.1860942369349 10480.567789126426 10023.243666582353 0 0 0 7.9920512120841169e-08 0.46027392931512578 0.006141614372253296
49300 9496.1863271106467 10480.567892980151 10023.243995510615 0 0 0 3.0552185962753565e-07 0.46027392887104934 0.0061416119132650668
49400 9496.1867086096172 10480.568167408672 10023.244130809633 0 0 0 1.0607761085739454e-07 0.46027392856168559 0.0061416107706239523
49500 9496.1866446976765 10480.56839707431 10023.244280526893 0 0 0 1.2746157175820249e-08 0.46027392839253856 0.0061416107294257885
49600 9496.1866840904677 10480.568491915954 10023.244350531595 0 0 0 5.0778088414228281e-09 0.46027392827814084 0.0061416107219616455
49700 9496.1867120974439 10480.568551188593 10023.244387584702 0 0 0 3.010483837344545e-09 0.46027392819501201 0.0061416107201340067
49800 9496.1867344564016 10480.568588883509 10023.244406653466 0 0 0 2.1123033210606479e-09 0.46027392813145163 0.0061416103952048181
49900 9496.1870722776221 10480.568355704259 10023.242374087869 0 0 0 1.1624327166405024e-06 0.46027392815308221 0.0061414742166381276
50000 9496.1852020060123 10480.564526303782 10023.25097522891 0 0 0 2.6075629345141344e-06 0.46027392815560075 0.0061414399355738305
50100 9496.1872241859692 10480.568527234214 10023.244491877347 0 0 0 2.474896573993569e-07 0.46027392806551337 0.0061414389214051353
50200 9496.1867575458946 10480.568652279078 10023.244382862806 0 0 0 2.7123792723291557e-08 0.46027392801231504 0.0061414387020429706
50300 9496.1867299956593 10480.568677659476 10023.244416322103 0 0 0 5.4913382955843491e-09 0.46027392797122868 0.0061414386969903334
50400 9496.186738562792 10480.56869018539 10023.24440804575 0 0 0 2.5643090765048549e-09 0.46027392793609812 0.006141435359177232
50500 9496.1869960862368 10480.569276250317 10023.244260417323 0 0 0 1.9799982992320616e-07 0.46027392793769883 0.0061414334509061344
50600 9496.1875718931569 10480.56925981108 10023.24205746297 0 0 0 1.0979414449866804e-06 0.4602739279587178 0.0061413688751701381
50700 9496.1866399403862 10480.568691223072 10023.244337763948 0 0 0 7.4588252375815899e-08 0.46027392788529342 0.0061413686893410074
50800 9496.1869850782423 10480.568919358118 10023.24446009965 0 0 0 6.034336064984277e-07 0.46027392787940224 0.0061413654864779623
50900 9496.1890136495513 10480.568620590569 10023.244322882008 0 0 0 2.3652427676348379e-07 0.46027392785508248 0.0061413644631017868
51000 9496.1872485588628 10480.567815474647 10023.244506497003 0 0 0 2.6697614644283663e-07 0.46027392784028731 0.0061413615305284438
51100 9496.1895669576115 10480.57315733173 10023.242916828518 0 0 0 6.6641420845061802e-06 0.46027392770742992 0.006140672202227717
51200 9496.1872171409577 10480.569061476419 10023.244822098097 0 0 0 5.4749044368664832e-07 0.46027392768461839 0.006140667632136723
51300 9496.1862536502776 10480.567816935756 10023.244036495398 0 0 0 8.4657582638554182e-07 0.46027392848991466 0.0061405780494125919
51400 9496.1866133006024 10480.568173835551 10023.244106825299 0 0 0 9.6437758057882951e-08 0.46027392814650958 0.0061405994043745599
51500 9496.1855502919534 10480.567336472568 10023.245458290665 0 0 0 8.1730245370256735e-07 0.46027392798069688 0.0061405849624863642
51600 9496.1905717756617 10480.569044700504 10023.246316211314 0 0 0 4.3709258261400582e-07 0.4602739284453482 0.0061405752503199467
51700 9496.1854056920529 10480.568070873551 10023.243638827116 0 0 0 1.581581766272764e-07 0.46027392886257767 0.006140574345937515
51800 9496.1857259821754 10480.568506814852 10023.243924163431 0 0 0 9.4519262279828662e-08 0.46027392829112379 0.0061405742161133774
51900 9496.1861276343225 10480.568577321068 10023.24434582213 0 0 0 5.2796350269702302e-08 0.46027392804274725 0.0061405741853925323
52000 9496.1892567209507 10480.566841721153 10023.244977179873 0 0 0 2.2294512718268485e-06 0.46027392735188277 0.0061396180290204496
52100 9496.1753131076857 10480.55152942582 10023.227959452182 0 0 0 1.7537329787089711e-05 0.46027392814822021 0.0061382248508353426
52200 9496.1863706073036 10480.572922077245 10023.138886481445 0 0 0 1.6222644443969998e-05 0.46027392580296578 0.0061375961824486208
52300 9496.1881534375188 10480.568554636582 10023.240906528825 0 0 0 1.8066413513854184e-06 0.46027392700331982 0.0061375314763409882
52400 9496.1870843422221 10480.568831216813 10023.244393106495 0 0 0 1.5107913789717237e-07 0.46027392723710314 0.0061375311951178159
52500 9496.1861954516698 10480.568319101318 10023.243884596704 0 0 0 2.0661470856159806e-08 0.46027392823733559 0.0061374582672917982
52600 9496.1909849034873 10480.567787791517 10023.240123833069 0 0 0 1.4018802692204071e-06 0.46027392841618453 0.0061374258454028894
52700 9496.1852431473999 10480.567740397719 10023.244193790473 0 0 0 3.1989732354568872e-07 0.46027392807406442 0.0061374254167257314
52800 9496.1860291047306 10480.568471540128 10023.244572151491 0 0 0 1.0310559365831463e-07 0.46027392789521748 0.0061374253781758172
52900 9496.1863629090494 10480.568596703664 10023.244501642173 0 0 0 4.2409203112152782e-08 0.46027392776831988 0.0061374253744925179
53000 9496.1866725396267 10480.56875133251 10023.244401503302 0 0 0 2.4072447139769524e-08 0.46027392767398134 0.0061374253678080542
53100 9496.1866349262855 10480.568836930961 10023.244326938508 0 0 0 1.1824845781834575e-08 0.46027392761431463 0.0061374253694030179
53200 9496.1866238565854 10480.568862447082 10023.244414966186 0 0 0 8.2021150983573929e-09 0.46027392758700292 0.0061374253699157276
53300 9496.1866983802574 10480.568841671064 10023.244495225988 0 0 0 5.3326113315742266e-09 0.46027392758630192 0.0061374253684680913
53400 9496.1875832683636 10480.570326483798 10023.244446829956 0 0 0 1.8947852037772637e-06 0.46027392767151487 0.0061373735159192568
53500 9496.186676837191 10480.568993576324 10023.244343228798 0 0 0 1.0218590383222095e-07 0.46027392763807418 0.0061373732893098068
53600 9496.186690184928 10480.56883821259 10023.244373039024 0 0 0 1.0115511337057752e-08 0.46027392761705432 0.0061373732873988987
53700 9496.1866976434248 10480.568865041138 10023.244329124269 0 0 0 2.8308578063528737e-09 0.46027392759636754 0.0061373732872722266
53800 9496.1866990533708 10480.568883428152 10023.244348124339 0 0 0 1.0759870138678219e-09 0.4602739275772495 0.006137373287215561
53900 9496.1875422744906 10480.566385172489 10023.246328916564 0 0 0 2.2634687029623291e-06 0.46027392812230949 0.0061371473383558606
54000 9496.1863244718406 10480.568657842543 10023.245844358733 0 0 0 3.4101161395958672e-07 0.46027392792127275 0.0061371467204213827
54100 9496.1865732364095 10480.56861650811 10023.244100802822 0 0 0 6.0878126041073148e-08 0.4602739277791208 0.0061371467016164962
54200 9496.1845165707455 10480.566529369224 10023.241996220879 0 0 0 7.3450905778817678e-08 0.46027393057476151 0.0061370337733478476
54300 9496.185340797565 10480.567417584858 10023.242900934354 0 0 0 1.2163181420160613e-08 0.46027392938300316 0.0061370337932904369
54400 9496.1859033097862 10480.567972855244 10023.243498830709 0 0 0 5.4135023199449308e-09 0.46027392866472938 0.006137033806352438
54500 9496.1862285272418 10480.568327132618 10023.243856274001 0 0 0 8.9225396213055563e-06 0.46027392824099311 0.0061359543811803424
54600 9496.183132250997 10480.570694245718 10023.244342384749 0 0 0 3.255096881266917e-06 0.46027392855448213 0.0061360052486143304
54700 9496.1858938765017 10480.568967813075 10023.243551000356 0 0 0 2.676856991965469e-07 0.46027392812644286 0.0061360044558945604
54800 9496.1864652548447 10480.568559838212 10023.244089842417 0 0 0 2.819143380513796e-08 0.46027392791186539 0.0061360044486952203
54900 9496.1865595274685 10480.568700471353 10023.244216579516 0 0 0 4.6042562272706369e-09 0.46027392777760601 0.0061360044504580116
55000 9496.1866211339639 10480.568783353378 10023.24428794885 0 0 0 1.2800425190636449e-09 0.46027392769504594 0.0061360044519061891
55100 9496.1866601418606 10480.568828815083 10023.244327359711 0 0 0 5.3953096453698126e-10 0.46027392764439856 0.006136004452827964
55200 9496.1866832681262 10480.568852693161 10023.244352846003 0 0 0 2.9030285337019784e-10 0.46027392761374408 0.0061360044533934023
55300 9496.1863890667846 10480.568797229802 10023.245095917879 0 0 0 5.0723084493818339e-07 0.46027392788616395 0.0061359631261927762
55400 9496.1865439207395 10480.568683357469 10023.244411014199 0 0 0 3.0925645119544867e-07 0.460273927724131 0.0061359623036108153
55500 9496.1866621770969 10480.568838007008 10023.244303487807 0 0 0 2.2248966270362629e-08 0.46027392765878128 0.0061359622930878769
55600 9496.1866713502459 10480.568845093134 10023.244350175733 0 0 0 2.1341213416452497e-09 0.46027392762292518 0.0061359622930038243
55700 9496.1866925959748 10480.568863365248 10023.244366832638 0 0 0 3.5963470461819416e-10 0.46027392760190156 0.0061359622933312352
55800 9496.1867026959608 10480.568873582544 10023.24437813162 0 0 0 1.2954005351280958e-10 0.46027392758935737 0.0061359622935594138
55900 9496.1824631146719 10480.580438029017 10023.254086421905 0 0 0 1.1597556539376788e-05 0.46027392787689114 0.0061356769558387073
56000 9496.1860980775964 10480.56788346107 10023.245407436929 0 0 0 7.5789169260287328e-07 0.46027392772333175 0.0061355441973644917
56100 9496.1811193061567 10480.566981182599 10023.252013480042 0 0 0 2.4944467337738745e-06 0.46027392730048089 0.0061351842742777664
56200 9496.1866374447036 10480.571208849595 10023.243753711431 0 0 0 4.6750231527378302e-07 0.46027392749525098 0.0061351829708074035
56300 9496.1868516237846 10480.568406739554 10023.244541955943 0 0 0 9.9600077348147316e-08 0.46027392764301212 0.0061351829946237916
56400 9496.1865091816471 10480.569138635256 10023.243910660161 0 0 0 3.5452472076606689e-08 0.46027392760881092 0.0061351829770474077
56500 9496.1866500744345 10480.568993468529 10023.243822488181 0 0 0 1.6461854297240632e-08 0.46027392751089446 0.0061351829104852535
56600 9496.1871858382201 10480.569487674025 10023.243284102544 0 0 0 1.3664081576985608e-06 0.4602739276338097 0.0061351282564125675
56700 9496.1867433137486 10480.569231250398 10023.244400155345 0 0 0 1.2756927522480354e-07 0.4602739275374087 0.0061351280880622356
56800 9496.1867770228182 10480.568838573314 10023.244756188989 0 0 0 2.2598582948633913e-08 0.46027392759037578 0.006135128048869929
56900 9496.1867507839906 10480.568822221187 10023.244581872937 0 0 0 6.9522691423310721e-08 0.4602739276543053 0.0061351278257681359
57000 9496.1865497355757 10480.474094454821 10023.244260292051 0 0 0 1.7246650181143554e-05 0.46027392645553178 0.0061319151891951343
57100 9496.1709779345783 10480.572371173075 10023.246937527825 0 0 0 9.1442743710630745e-06 0.46027392721832205 0.0061313356082028439
57200 9496.1859006145478 10480.569097430374 10023.243215583308 0 0 0 1.226404620801912e-06 0.46027392718860216 0.0061312955694630524
57300 9496.1858294640097 10480.569476664636 10023.244575046794 0 0 0 2.4497105613009683e-06 0.46027392738612516 0.0061292178699101927
57400 9496.1890915555541 10480.569202676157 10023.243830351899 0 0 0 8.908973871029421e-07 0.46027392754097562 0.0061289810951479463
57500 9496.1852840505271 10480.570387811293 10023.245350297637 0 0 0 2.0048498202066535e-07 0.4602739275501333 0.0061289809978886953
57600 9496.190389086918 10480.568988839566 10023.235413176411 0 0 0 1.1972235765682235e-05 0.46027392700853464 0.0061281880042393013
57700 9496.1866188418517 10480.568537843719 10023.244779738674 0 0 0 1.5374773666632911e-06 0.46027392721144411 0.0061281586489578084
57800 9496.1869396671809 10480.568867940288 10023.244653523778 0 0 0 1.2488133707062383e-07 0.46027392734410166 0.006128158456452649
57900 9496.1868129004233 10480.568906251614 10023.24454214766 0 0 0 1.1232405008700864e-08 0.46027392742290063 0.0061281584499423237
58000 9496.1867524451991 10480.568909845528 10023.2444794485 0 0 0 2.229834561796628e-09 0.46027392746555129 0.0061281584486326847
58100 9496.1867231426422 10480.568894244825 10023.244450783053 0 0 0 9.0452046945726593e-10 0.46027392748685925 0.0061281584480478548
58200 9496.1867174348336 10480.568880320543 10023.24443928803 0 0 0 4.8583618972212608e-10 0.46027392749772156 0.0061281584477990017
58300 9496.186712565157 10480.568871649068 10023.24444206915 0 0 0 3.1319201802579056e-10 0.46027392750432405 0.0061281584476635493
58400 9496.1850523337762 10480.567486540856 10023.249589439181 0 0 0 2.7590412816799675e-06 0.46027392716331039 0.0061279727162241136
58500 9496.1829892070582 10480.56866240234 10023.273448258768 0 0 0 8.9326406259734748e-06 0.46027392929225452 0.0061277947257651968
58600 9496.1855188183163 10480.567779271401 10023.245228300655 0 0 0 7.7249795746449118e-07 0.4602739285855757 0.0061272876941716381
58700 9496.186223439674 10480.568328816611 10023.243780470999 0 0 0 7.8185845093269263e-08 0.46027392816381318 0.0061272876407049773
58800 9496.1864226258167 10480.568507139847 10023.244087249883 0 0 0 9.1282147587821854e-09 0.46027392790399912 0.0061270165179960392
58900 9496.1865343626196 10480.568651674621 10023.244236418746 0 0 0 1.7569416489913972e-09 0.46027392774650888 0.006127016520824714
59000 9496.1866049005748 10480.568730005778 10023.244313712139 0 0 0 7.2934500565769797e-10 0.46027392765097697 0.0061270165225946341
59100 9496.1890906053522 10480.51604473386 10023.255422747035 0 0 0 1.8775184653430417e-05 0.46027392681573687 0.0061202182407493148
59200 9496.1814144341606 10480.570642051252 10023.238940819154 0 0 0 7.5068826624277534e-06 0.46027392785216115 0.0061196081798594792
59300 9496.1870935575116 10480.567976348128 10023.242716432183 0 0 0 7.2585330078473464e-07 0.4602739280436976 0.0061195164003521986
59400 9496.1865406537963 10480.568627809927 10023.24431760575 0 0 0 9.5771736187732783e-08 0.46027392781182597 0.0061195163403961238
59500 9496.1856126158491 10480.569165786692 10023.243819039983 0 0 0 1.5914625485729875e-06 0.46027392763332509 0.0061194809431402552
59600 9496.1867202059784 10480.568669532367 10023.244495086235 0 0 0 1.9277800644111216e-07 0.46027392757781416 0.0061194804976674863
59700 9496.1868227592022 10480.56919516696 10023.244309124633 0 0 0 1.1504987050851519e-07 0.46027392754844665 0.0061194801284837376
59800 9496.1866939044685 10480.568786305694 10023.244446865387 0 0 0 1.5088773682561897e-08 0.46027392752727858 0.0061194801240906701
59900 9496.1867073817084 10480.568832844187 10023.244426338382 0 0 0 1.9253129296798392e-09 0.46027392751771978 0.0061194801240740115
60000 9496.1867112006257 10480.568836611352 10023.244434379021 0 0 0 3.1191863109384502e-10 0.46027392751254637 0.0061194801241522085
60100 9496.1867142131687 10480.568838976429 10023.244436238459 0 0 0 8.5659516116717301e-11 0.46027392750951712 0.0061194801242055851
60200 9496.1867154567608 10480.568840350474 10023.244437440964 0 0 0 3.1588666146810183e-11 0.46027392750772467 0.006119480124238505
60300 9496.1782075790743 10480.563401211741 10023.240369185269 0 0 0 6.1462295741204113e-06 0.46027392691754054 0.0061176485857643761
60400 9496.1874735064011 10480.569032665306 10023.244052522783 0 0 0 6.9054257470012923e-07 0.46027392707840653 0.0061176440262549264
60500 9496.1867819764539 10480.568887814632 10023.244665604216 0 0 0 7.8129383599834518e-08 0.46027392723825422 0.0061176439756992331
60600 9496.1868390919208 10480.568950677261 10023.244558727323 0 0 0 9.695486889602902e-09 0.46027392734392192 0.0061176439729646722
60700 9496.1884980707473 10480.56957038829 10023.247229480798 0 0 0 1.6296897520216338e-06 0.46027392725069749 0.0061173231973255084
60800 0 0 0 0 0 0 -nan 0.45590455656947609 5247795.532410685
60900 0 0 0 0 0 0 -nan 0.44933740044517284 5315751.7523196274
61000 0 0 0 0 0 0 -nan 0.44269097966228482 5384621.4260847922
61100 0 0 0 0 0 0 -nan 0.43596433750743707 5454417.4619929185
61200 0 0 0 0 0 0 -nan 0.42915650571985681 5525152.9621639876
61300 0 0 0 0 0 0 -nan 0.42226650435199958 5596841.225658806
61400 0 0 0 0 0 0 -nan 0.41529334162849268 5669495.7516397703
61500 0 0 0 0 0 0 -nan 0.40823601380336966 5743130.2425855407
61600 0 0 0 0 0 0 -nan 0.40109350501558866 5817758.6075606532
61700 0 0 0 0 0 0 -nan 0.39386478714281287 5893394.9655410806
61800 0 0 0 0 0 0 -nan 0.38654881965340787 5970053.6487968173
61900 0 0 0 0 0 0 -nan 0.37914454945666881 6047749.2063322747
62000 0 0 0 0 0 0 -nan 0.37165091075123202 6126496.407385801
62100 0 0 0 0 0 0 -nan 0.3640668248716602 6206310.2449893197
62200 0 0 0 0 0 0 -nan 0.3563912001331756 6287205.9395890487
62300 0 0 0 0 0 0 -nan 0.3486229316745173 6369198.9427284952
62400 0 0 0 0 0 0 -nan 0.34076090129890135 6452304.9407949857
62500 0 0 0 0 0 0 -nan 0.33280397731306866 6536539.8588305665
62600 0 0 0 0 0 0 -nan 0.32475101436437437 6621919.8644087296
62700 0 0 0 0 0 0 -nan 0.31660085327592946 6708461.3715780405
62800 0 0 0 0 0 0 -nan 0.30835232087974596 6796181.0448738774
62900 0 0 0 0 0 0 -nan 0.30000422984785602 6885095.8033994939
63000 0 0 0 0 0 0 -nan 0.29155537852140928 6975222.8249778301
63100 0 0 0 0 0 0 -nan 0.28300455073770342 7066579.5503750481
63200 0 0 0 0 0 0 -nan 0.27435051565512297 7159183.6875974126
63300 0 0 0 0 0 0 -nan 0.26559202757595884 7253053.216262741
63400 0 0 0 0 0 0 -nan 0.25672782576711323 7348206.3920475589
63500 0 0 0 0 0 0 -nan 0.24775663427860889 7444661.7512118639
63600 0 0 0 0 0 0 -nan 0.23867716175993386 7542438.1152022686
63700 0 0 0 0 0 0 -nan 0.22948810127415392 7641554.5953354882
63800 0 0 0 0 0 0 -nan 0.2201881301097868 7742030.5975632919
63900 0 0 0 0 0 0 -nan 0.21077590959041506 7843885.8273207154
64000 0 0 0 0 0 0 -nan 0.20125008488197085 7947140.2944587003
64100 0 0 0 0 0 0 -nan 0.19160928479774089 8051814.3182629375
64200 0 0 0 0 0 0 -nan 0.18185212160097208 8157928.5325605543
64300 0 0 0 0 0 0 -nan 0.17197719080512019 8265503.8909160085
64400 0 0 0 0 0 0 -nan 0.16198307097169173 8374561.6719180346
64500 0 0 0 0 0 0 -nan 0.15186832350562296 8485123.4845592007
64600 0 0 0 0 0 0 -nan 0.14163149244821202 8597211.2737098783
64700 0 0 0 0 0 0 -nan 0.13127110426753416 8710847.3256882168
64800 0 0 0 0 0 0 -nan 0.12078566764634355 8826054.2739279922
64900 0 0 0 0 0 0 -nan 0.11017367326740442 8942855.104746135
65000 0 0 0 0 0 0 -nan 0.099433593596226458 9061273.1632117238
65100 0 0 0 0 0 0 -nan 0.088563882661196358 9181332.1591183208
65200 0 0 0 0 0 0 -nan 0.077562975831038605 9303056.1730615124
65300 0 0 0 0 0 0 -nan 0.066429289589592974 9426469.662623791
65400 0 0 0 0 0 0 -nan 0.055161221307881848 9551597.4686684161
65500 0 0 0 0 0 0 -nan 0.043757149013423785 9678464.8217446189
65600 0 0 0 0 0 0 -nan 0.032215431156748874 9807097.3486059587
65700 0 0 0 0 0 0 -nan 0.020534406375114847 9937521.0788441002
65800 0 0 0 0 0 0 -nan 0.008712393253368594 10069762.451639904
65900 0 0 0 0 0 0 -nan -0.0032523099180949999 10203848.322634239
66000 0 0 0 0 0 0 -nan -0.015361425388278348 10339805.970920846
66100 0 0 0 0 0 0 -nan -0.02761669619348563 10477663.106162883
66200 0 0 0 0 0 0 -nan -0.04001988640822865 10617447.87583622
66300 0 0 0 0 0 0 -nan -0.052572781399153258 10759188.872601466
66400 0 0 0 0 0 0 -nan -0.065277188082025581 10902915.14180683
66500 0 0 0 0 0 0 -nan -0.078134935181846388 11048656.189125067
66600 0 0 0 0 0 0 -nan -0.09114787349605763 11196441.988326
66700 0 0 0 0 0 0 -nan -0.10431787616097805 11346302.989187947
66800 0 0 0 0 0 0 -nan -0.11764683892141367 11498270.125550045
66900 0 0 0 0 0 0 -nan -0.13113668040355239 11652374.823508691
67000 0 0 0 0 0 0 -nan -0.14478934239112537 11808649.009760166
67100 0 0 0 0 0 0 -nan -0.1586067901049325 11967125.120092588
67200 0 0 0 0 0 0 -nan -0.17259101248570474 12127836.108029788
67300 0 0 0 0 0 0 -nan -0.18674402248041744 12290815.453630043
67400 0 0 0 0 0 0 -nan -0.20106785733202651 12456097.172442421
67500 0 0 0 0 0 0 -nan -0.21556457887273797 12623715.82462397
67600 0 0 0 0 0 0 -nan -0.23023627382077611 12793706.52422021
67700 0 0 0 0 0 0 -nan -0.24508505408076869 12966104.948612599
67800 0 0 0 0 0 0 -nan -0.2601130570477343 13140947.348135795
67900 0 0 0 0 0 0 -nan -0.27532244591474869 13318270.555867709
68000 0 0 0 0 0 0 -nan -0.29071540998433337 13498111.997595999
68100 0 0 0 0 0 0 -nan -0.30629416498358153 13680509.701964034
68200 0 0 0 0 0 0 -nan -0.32206095338310625 13865502.310799541
68300 0 0 0 0 0 0 -nan -0.33801804471982333 14053129.089630036
68400 0 0 0 0 0 0 -nan -0.35416773592364659 14243429.938387511
68500 0 0 0 0 0 0 -nan -0.37051235164811303 14436445.402307026
68600 0 0 0 0 0 0 -nan -0.38705424460500076 14632216.683021815
68700 0 0 0 0 0 0 -nan -0.40379579590300058 14830785.649859423
68800 0 0 0 0 0 0 -nan -0.4207394153904403 15032194.851342248
68900 0 0 0 0 0 0 -nan -0.43788754200218444 15236487.526896374
69000 0 0 0 0 0 0 -nan -0.4552426441107103 15443707.618772583
69100 0 0 0 0 0 0 -nan -0.47280721988139474 15653899.784183722
69200 0 0 0 0 0 0 -nan -0.49058379763212867 15867109.407662289
69300 0 0 0 0 0 0 -nan -0.50857493619724481 16083382.613642471
69400 0 0 0 0 0 0 -nan -0.52678322529585409 16302766.279270904
69500 0 0 0 0 0 0 -nan -0.54521128590461088 16525308.047450474
69600 0 0 0 0 0 0 -nan -0.56386177063499254 16751056.340121288
69700 0 0 0 0 0 0 -nan -0.58273736411512622 16980060.371783864
69800 0 0 0 0 0 0 -nan -0.6018407833762407 17212370.163268343
69900 0 0 0 0 0 0 -nan -0.62117477824372758 17448036.555755202
70000 0 0 0 0 0 0 -nan -0.64074213173300265 17687111.225051515
70100 0 0 0 0 0 0 -nan -0.660545660450091 17929646.696128011
70200 0 0 0 0 0 0 -nan -0.68058821499705391 18175696.357921649
70300 0 0 0 0 0 0 -nan -0.70087268038232642 18425314.478409011
70400 0 0 0 0 0 0 -nan -0.72140197643598958 18678556.219955213
70500 0 0 0 0 0 0 -nan -0.74217905823006314 18935477.654943906
70600 0 0 0 0 0 0 -nan -0.76320691650388539 19196135.78169363
70700 0 0 0 0 0 0 -nan -0.78448857809459083 19460588.540665895
70800 0 0 0 0 0 0 -nan -0.80602710637281827 19728894.830970298
70900 0 0 0 0 0 0 -nan -0.8278256016836677 20001114.527172923
71000 0 0 0 0 0 0 -nan -0.84988720179296562 20277308.496412981
71100 0 0 0 0 0 0 -nan -0.87221508233894041 20557538.615834489
71200 0 0 0 0 0 0 -nan -0.89481245728932579 20841867.790337808
71300 0 0 0 0 0 0 -nan -0.91768257940400222 21130359.970658306
71400 0 0 0 0 0 0 -nan -0.94082874070320432 21423080.171777558
71500 0 0 0 0 0 0 -nan -0.96425427294139143 21720094.491673548
71600 0 0 0 0 0 0 -nan -0.98796254808684036 22021470.130417034
71700 0 0 0 0 0 0 -nan -1.0119569788070142 22327275.409619089
71800 0 0 0 0 0 0 -nan -1.0362410189597866 22637579.792238578
71900 0 0 0 0 0 0 -nan -1.060818164090624 22952453.902754605
72000 0 0 0 0 0 0 -nan -1.0856919519357366 23271969.547711879
72100 0 0 0 0 0 0 -nan -1.1108659629313218 23596199.736645974
72200 0 0 0 0 0 0 -nan -1.1363438207289267 23925218.703395508
72300 0 0 0 0 0 0 -nan -1.1621291927170838 24259101.927808471
72400 0 0 0 0 0 0 -nan -1.1882257905491895 24597926.157851238
72500 0 0 0 0 0 0 -nan -1.2146373706777769 24941769.432126392
72600 0 0 0 0 0 0 -nan -1.2413677348952354 25290711.102808498
72700 0 0 0 0 0 0 -nan -1.2684207308810647 25644831.859005444
72800 0 0 0 0 0 0 -nan -1.2958002527557138 26004213.750552338
72900 0 0 0 0 0 0 -nan -1.323510241641124 26368940.212248981
73000 0 0 0 0 0 0 -nan -1.351554686228033 26739096.088546105
73100 0 0 0 0 0 0 -nan -1.3799376233501086 27114767.658691298
73200 0 0 0 0 0 0 -nan -1.4086631385650532 27496042.662342746
73300 0 0 0 0 0 0 -nan -1.4377353667426613 27883010.325659182
73400 0 0 0 0 0 0 -nan -1.4671584926600556 28275761.387876276
73500 0 0 0 0 0 0 -nan -1.496936751604008 28674388.128377553
73600 0 0 0 0 0 0 -nan -1.5270744299806345 29078984.394270696
73700 0 0 0 0 0 0 -nan -1.557575865932352 29489645.628477421
73800 0 0 0 0 0 0 -nan -1.5884454499623701 29906468.898348123
73900 0 0 0 0 0 0 -nan -1.619687625566653 30329552.924810551
74000 0 0 0 0 0 0 -nan -1.6513068898735406 30758998.112063173
74100 0 0 0 0 0 0 -nan -1.6833077942910859 31194906.577823456
74200 0 0 0 0 0 0 -nan -1.7156949451621992 31637382.184141695
74300 0 0 0 0 0 0 -nan -1.7484730044277126 32086530.568791714
74400 0 0 0 0 0 0 -nan -1.7816466902974297 32542459.17724904
74500 0 0 0 0 0 0 -nan -1.815220777929301 33005277.295267973
74600 0 0 0 0 0 0 -nan -1.8492001001167424 33475096.082069285
74700 0 0 0 0 0 0 -nan -1.8835895479843348 33952028.604150079
74800 0 0 0 0 0 0 -nan -1.9183940716918408 34436189.869728088
74900 0 0 0 0 0 0 -nan -1.9536186811467571 34927696.863831826
75000 0 0 0 0 0 0 -nan -1.9892684467254902 35426668.584050685
75100 0 0 0 0 0 0 -nan -2.0253485000031355 35933226.076955773
75200 0 0 0 0 0 0 -nan -2.0618640344922388 36447492.475205414
75300 0 0 0 0 0 0 -nan -2.0988203063902717 36969593.035349138
75400 0 0 0 0 0 0 -nan -2.1362226353363085 37499655.176342398
75500 0 0 0 0 0 0 -nan -2.1740764051767028 38037808.518785924
75600 0 0 0 0 0 0 -nan -2.212387064740104 38584184.924905308
75700 0 0 0 0 0 0 -nan -2.2511601286217462 39138918.539282121
75800 0 0 0 0 0 0 -nan -2.2904011779772682 39702145.830354854
75900 0 0 0 0 0 0 -nan -2.3301158613260617 40274005.632701039
76000 0 0 0 0 0 0 -nan -2.3703098953643993 40854639.190117396
76100 0 0 0 0 0 0 -nan -2.4109890657882316 41444190.199514583
76200 0 0 0 0 0 0 -nan -2.4521592281260922 42042804.855638996
76300 0 0 0 0 0 0 -nan -2.4938263085819052 42650631.896641038
76400 0 0 0 0 0 0 -nan -2.5359963048880489 43267822.650504231
76500 0 0 0 0 0 0 -nan -2.5786752871687089 43894531.082352571
76600 0 0 0 0 0 0 -nan -2.6218693988136241 44530913.842653312
76700 0 0 0 0 0 0 -nan -2.6655848573623642 45177130.316331282
76800 0 0 0 0 0 0 -nan -2.7098279553993674 45833342.672814518
76900 0 0 0 0 0 0 -nan -2.754605061459662 46499715.917027742
77000 0 0 0 0 0 0 -nan -2.7999226209456278 47176417.941351593
77100 0 0 0 0 0 0 -nan -2.8457871570547368 47863619.578568891
77200 0 0 0 0 0 0 -nan -2.8922052717185576 48561494.655813433
77300 0 0 0 0 0 0 -nan -2.9391836465530439 49270220.049544685
77400 0 0 0 0 0 0 -nan -2.9867290438203158 49989975.741564997
77500 0 0 0 0 0 0 -nan -3.034848307402068 50720944.876101546
77600 0 0 0 0 0 0 -nan -3.0835483637846806 51463313.817973219
77700 0 0 0 0 0 0 -nan -3.1328362230562781 52217272.21186284
77800 0 0 0 0 0 0 -nan -3.1827189799157511 52983013.042718165
77900 0 0 0 0 0 0 -nan -3.2332038146940056 53760732.697300069
78000 0 0 0 0 0 0 -nan -3.2842979943875741 54550631.026905276
78100 0 0 0 0 0 0 -nan -3.3360088737046047 55352911.411280729
78200 0 0 0 0 0 0 -nan -3.3883438961235561 56167780.823758036
78300 0 0 0 0 0 0 -nan -3.4413105949646181 56995449.897628538
78400 0 0 0 0 0 0 -nan -3.4949165944741201 57836132.993783593
78500 0 0 0 0 0 0 -nan -3.5491696109219624 58690048.269646302
78600 0 0 0 0 0 0 -nan -3.6040774537123679 59557417.749417424
78700 0 0 0 0 0 0 -nan -3.6596480265079854 60438467.395664237
78800 0 0 0 0 0 0 -nan -3.7158893283675276 61333427.18227458
78900 0 0 0 0 0 0 -nan -3.7728094548972821 62242531.1688063
79000 0 0 0 0 0 0 -nan -3.8304165994163437 63166017.57625784
79100 0 0 0 0 0 0 -nan -3.8887190541360237 64104128.864286527
79200 0 0 0 0 0 0 -nan -3.9477252113534984 65057111.80990573
79300 0 0 0 0 0 0 -nan -4.007443564659753 66025217.5876863
79400 0 0 0 0 0 0 -nan -4.0678827101622819 67008701.85149505
79500 0 0 0 0 0 0 -nan -4.1290513477223669 68007824.817797184
79600 0 0 0 0 0 0 -nan -4.1909582822074052 69022851.350555822
79700 0 0 0 0 0 0 -nan -4.2536124247583302 70054051.047758281
79800 0 0 0 0 0 0 -nan -4.3170227940722832 71101698.329601064
79900 0 0 0 0 0 0 -nan -4.381198517700839 72166072.528366789
80000 0 0 0 0 0 0 -nan -4.4461488333638375 73247457.980025634
80100 0 0 0 0 0 0 -nan -4.5118830902791123 74346144.117594257
80200 0 0 0 0 0 0 -nan -4.5784107505082599 75462425.566288665
80300 0 0 0 0 0 0 -nan -4.6457413903186255 76596602.240503386
80400 0 0 0 0 0 0 -nan -4.7138847015617715 77748979.442655504
80500 0 0 0 0 0 0 -nan -4.7828504930685725 78919867.963927284
80600 0 0 0 0 0 0 -nan -4.8526486920610807 80109584.186947599
80700 0 0 0 0 0 0 -nan -4.9232893455816065 81318450.190447181
80800 0 0 0 0 0 0 -nan -4.9947826219387697 82546793.855928749
80900 0 0 0 0 0 0 -nan -5.0671388121713505 83794948.976389319
81000 0 0 0 0 0 0 -nan -5.1403683315294559 85063255.367137283
81100 0 0 0 0 0 0 -nan -5.2144817209738425 86352058.978743449
81200 0 0 0 0 0 0 -nan -5.2894896486931895 87661712.012169197
81300 0 0 0 0 0 0 -nan -5.3654029116397446 88992573.036112487
81400 0 0 0 0 0 0 -nan -5.442232437083419 90345007.10661824
81500 0 0 0 0 0 0 -nan -5.519989284184792 91719385.888995022
81600 0 0 0 0 0 0 -nan -5.5986846455869372 93116087.782084048
81700 0 0 0 0 0 0 -nan -5.6783298490265963 94535498.044927388
81800 0 0 0 0 0 0 -nan -5.7589363589646885 95978008.925881267
81900 0 0 0 0 0 0 -nan -5.8405157782366022 97444019.794222996
82000 0 0 0 0 0 0 -nan -5.9230798497222974 98933937.274302348
82100 0 0 0 0 0 0 -nan -6.0066404580366974 100448175.38228273
82200 0 0 0 0 0 0 -nan -6.0912096312403285 101987155.66552864
82300 0 0 0 0 0 0 -nan -6.17679954257079 103551307.34468773
82400 0 0 0 0 0 0 -nan -6.2634225121948957 105141067.45852092
82500 0 0 0 0 0 0 -nan -6.351091008982185 106756881.01153629
82600 0 0 0 0 0 0 -nan -6.4398176522997019 108399201.12448056
82700 0 0 0 0 0 0 -nan -6.5296152138285093 110068489.18774374
82800 0 0 0 0 0 0 -nan -6.6204966194021004 111765215.01773593
82900 0 0 0 0 0 0 -nan -6.7124749508669002 113489857.0162943
83000 0 0 0 0 0 0 -nan -6.8055634479654668 115242902.33317895
83100 0 0 0 0 0 0 -nan -6.8997755102421614 117024847.03171866
83200 0 0 0 0 0 0 -nan -6.9951246989720159 118836196.25767089
83300 0 0 0 0 0 0 -nan -7.0916247391127261 120677464.41135536
83400 0 0 0 0 0 0 -nan -7.1892895212803438 122549175.32312809
83500 0 0 0 0 0 0 -nan -7.288133103748681 124451862.43226357
83600 0 0 0 0 0 0 -nan -7.3881697144729648 126386068.96930712
83700 0 0 0 0 0 0 -nan -7.4894137531379288 128352348.14197108
83800 0 0 0 0 0 0 -nan -7.5918797932303699 130351263.32464063
83900 0 0 0 0 0 0 -nan -7.6955825841371057 132383388.25156438
84000 0 0 0 0 0 0 -nan -7.8005370532680436 134449307.21379766
84100 0 0 0 0 0 0 -nan -7.9067583082047355 136549615.25997731
84200 0 0 0 0 0 0 -nan -8.0142616388752348 138684918.40100017
84300 0 0 0 0 0 0 -nan -8.123062519754825 140855833.81868383
84400 0 0 0 0 0 0 -nan -8.2331766120936116 143062990.07848799
84500 0 0 0 0 0 0 -nan -8.344619766170716 145307027.34637603
84600 0 0 0 0 0 0 -nan -8.4574080235760114 147588597.6099
84700 0 0 0 0 0 0 -nan -8.5715576195191048 149908364.90359077
84800 0 0 0 0 0 0 -nan -8.6870849851662548 152267005.53873745
84900 0 0 0 0 0 0 -nan -8.8040067500056818 154665208.3376489
85000 0 0 0 0 0 0 -nan -8.9223397442411603 157103674.87247527
85100 0 0 0 0 0 0 -nan -9.0421010012146787 159583119.70869127
85200 0 0 0 0 0 0 -nan -9.1633077598583519 162104270.65332451
85300 0 0 0 0 0 0 -nan -9.2859774671757194 164667869.00802591
85400 0 0 0 0 0 0 -nan -9.4101277807532835 167274669.82708085
85500 0 0 0 0 0 0 -nan -9.5357765713020726 169925442.1804527
85600 0 0 0 0 0 0 -nan -9.6629419252301716 172620969.42196217
85700 0 0 0 0 0 0 -nan -9.7916421472461366 175362049.46270666
85800 0 0 0 0 0 0 -nan -9.9218957629936444 178149495.04981223
85900 0 0 0 0 0 0 -nan -10.053721521718474 180984134.05064133
86000 0 0 0 0 0 0 -nan -10.18713839896709 183866809.74254626
86100 0 0 0 0 0 0 -nan -10.322165599318176 186798381.10829055
86200 0 0 0 0 0 0 -nan -10.458822559147034 189779723.13724378
86300 0 0 0 0 0 0 -nan -10.597128949423249 192811727.1324687
86400 0 0 0 0 0 0 -nan -10.737104678542295 195895301.02381235
86500 0 0 0 0 0 0 -nan -10.878769895191224 199031369.68712634
86600 0 0 0 0 0 0 -nan -11.022144991248922 202220875.26973054
86700 0 0 0 0 0 0 -nan -11.167250604721358 205464777.52224916
86800 0 0 0 0 0 0 -nan -11.314107622712408 208764054.13694486
86900 0 0 0 0 0 0 -nan -11.462737184430399 212119701.09267721
87000 0 0 0 0 0 0 -nan -11.613160684230889 215532733.00661838
87100 0 0 0 0 0 0 -nan -11.765399774696343 219004183.4928591
87200 0 0 0 0 0 0 -nan -11.919476369752946 222535105.52804518
87300 0 0 0 0 0 0 -nan -12.075412647824825 226126571.82417646
87400 0 0 0 0 0 0 -nan -12.233231055026611 229779675.20871884
87500 0 0 0 0 0 0 -nan -12.39295430839446 233495529.01216918
87600 0 0 0 0 0 0 -nan -12.554605399155918 237275267.46321949
87700 0 0 0 0 0 0 -nan -12.718207596039518 241120046.09167808
87800 0 0 0 0 0 0 -nan -12.883784448624034 245031042.13929379
87900 0 0 0 0 0 0 -nan -13.051359790728391 249009454.97864532
88000 0 0 0 0 0 0 -nan -13.220957743842396 253056506.54025418
88100 0 0 0 0 0 0 -nan -13.392602720598864 257173441.74808282
88200 0 0 0 0 0 0 -nan -13.566319428287715 261361528.96358731
88300 0 0 0 0 0 0 -nan -13.742132872412357 265622060.4384928
88400 0 0 0 0 0 0 -nan -13.920068360289141 269956352.77646488
88500 0 0 0 0 0 0 -nan -14.100151504690297 274365747.40385306
88600 0 0 0 0 0 0 -nan -14.282408227530503 278851611.04968888
88700 0 0 0 0 0 0 -nan -14.466864763598439 283415336.23512125
88800 0 0 0 0 0 0 -nan -14.653547664332946 288058341.77247208
88900 0 0 0 0 0 0 -nan -14.842483801645091 292782073.27411526
89000 0 0 0 0 0 0 -nan -15.033700371786143 297588003.67135632
89100 0 0 0 0 0 0 -nan -15.227224899262282 302477633.7435317
89200 0 0 0 0 0 0 -nan -15.423085240796752 307452492.65751404
89300 0 0 0 0 0 0 -nan -15.62130958933944 312514138.51783729
89400 0 0 0 0 0 0 -nan -15.821926478125263 317664158.92765892
89500 0 0 0 0 0 0 -nan -16.024964784781297 322904171.56076008
89600 0 0 0 0 0 0 -nan -16.230453735483565 328235824.74481565
89700 0 0 0 0 0 0 -nan -16.438422909163982 333660798.05615515
89800 0 0 0 0 0 0 -nan -16.648902241767956 339180802.92623854
89900 0 0 0 0 0 0 -nan -16.861922030563633 344797583.26008862
90000 0 0 0 0 0 0 -nan -17.077512938502977 350512916.06690645
90100 0 0 0 0 0 0 -nan -17.295705998635476 356328612.10312301
90200 0 0 0 0 0 0 -nan -17.516532618575258 362246516.52813286
90300 0 0 0 0 0 0 -nan -17.740024585021882 368268509.57294881
90400 0 0 0 0 0 0 -nan -17.966214068336033 374396507.22205991
90500 0 0 0 0 0 0 -nan -18.195133627170087 380632461.90872979
90600 0 0 0 0 0 0 -nan -18.426816213154815 386978363.22401774
90700 0 0 0 0 0 0 -nan -18.661295175642636 393436238.63979709
90800 0 0 0 0 0 0 -nan -18.898604266507938 400008154.24603862
90900 0 0 0 0 0 0 -nan -19.138777645005586 406696215.50265294
91000 0 0 0 0 0 0 -nan -19.381849882687863 413502568.00617647
91100 0 0 0 0 0 0 -nan -19.627855968380867 420429398.27160144
91200 0 0 0 0 0 0 -nan -19.87683131322089 427478934.52964658
91300 0 0 0 0 0 0 -nan -20.12881175575184 434653447.53977782
91400 0 0 0 0 0 0 -nan -20.383833567083613 441955251.41929734
91500 0 0 0 0 0 0 -nan -20.641933456113687 449386704.48881096
91600 0 0 0 0 0 0 -nan -20.903148574810469 456950210.13441175
91700 0 0 0 0 0 0 -nan -21.167516523561645 464648217.68691057
91800 0 0 0 0 0 0 -nan -21.435075356586307 472483223.31844026
